1000
2.0000
1.7371
1.0100
0.0150
-0.9800
-1.7071
-1.9700
-1.6971
-0.9600
0.0450
1.0500
1.7871
2.0600
1.7971
1.0700
0.0750
-0.9200
-1.6471
-1.9100
-1.6371
-0.9000
0.1050
1.1100
1.8471
2.1200
1.8571
1.1300
0.1350
-0.8600
-1.5871
-1.8500
-1.5771
-0.8400
0.1650
1.1700
1.9071
2.1800
1.9171
1.1900
0.1950
-0.8000
-1.5271
-1.7900
-1.5171
-0.7800
0.2250
1.2300
1.9671
2.2400
1.9771
1.2500
0.2550
-0.7400
-1.4671
-1.7300
-1.4571
-0.7200
0.2850
1.2900
2.0271
2.3000
2.0371
1.3100
0.3150
-0.6800
-1.4071
-1.6700
-1.3971
-0.6600
0.3450
1.3500
2.0871
2.3600
2.0971
1.3700
0.3750
-0.6200
-1.3471
-1.6100
-1.3371
-0.6000
0.4050
1.4100
2.1471
2.4200
2.1571
1.4300
0.4350
-0.5600
-1.2871
-1.5500
-1.2771
-0.5400
0.4650
1.4700
2.2071
2.4800
2.2171
1.4900
0.4950
-0.5000
-1.2271
-1.4900
-1.2171
-0.4800
0.5250
1.5300
2.2671
2.5400
2.2771
1.5500
0.5550
-0.4400
-1.1671
-1.4300
-1.1571
-0.4200
0.5850
1.5900
2.3271
2.6000
2.3371
1.6100
0.6150
-0.3800
-1.1071
-1.3700
-1.0971
-0.3600
0.6450
1.6500
2.3871
2.6600
2.3971
1.6700
0.6750
-0.3200
-1.0471
-1.3100
-1.0371
-0.3000
0.7050
1.7100
2.4471
2.7200
2.4571
1.7300
0.7350
-0.2600
-0.9871
-1.2500
-0.9771
-0.2400
0.7650
1.7700
2.5071
2.7800
2.5171
1.7900
0.7950
-0.2000
-0.9271
-1.1900
-0.9171
-0.1800
0.8250
1.8300
2.5671
2.8400
2.5771
1.8500
0.8550
-0.1400
-0.8671
-1.1300
-0.8571
-0.1200
0.8850
1.8900
2.6271
2.9000
2.6371
1.9100
0.9150
-0.0800
-0.8071
-1.0700
-0.7971
-0.0600
0.9450
1.9500
2.6871
2.9600
2.6971
1.9700
0.9750
-0.0200
-0.7471
-1.0100
-0.7371
4.0000
3.4975
2.4950
1.9925
2.4900
3.4875
3.9850
3.4825
2.4800
1.9775
2.4750
3.4725
3.9700
3.4675
2.4650
1.9625
2.4600
3.4575
3.9550
3.4525
2.4500
1.9475
2.4450
3.4425
3.9400
3.4375
2.4350
1.9325
2.4300
3.4275
3.9250
3.4225
2.4200
1.9175
2.4150
3.4125
3.9100
3.4075
2.4050
1.9025
2.4000
3.3975
3.8950
3.3925
2.3900
1.8875
2.3850
3.3825
3.8800
3.3775
2.3750
1.8725
2.3700
3.3675
3.8650
3.3625
2.3600
1.8575
2.3550
3.3525
3.8500
3.3475
2.3450
1.8425
2.3400
3.3375
3.8350
3.3325
2.3300
1.8275
2.3250
3.3225
3.8200
3.3175
2.3150
1.8125
2.3100
3.3075
3.8050
3.3025
2.3000
1.7975
2.2950
3.2925
3.7900
3.2875
2.2850
1.7825
2.2800
3.2775
3.7750
3.2725
2.2700
1.7675
2.2650
3.2625
3.7600
3.2575
2.2550
1.7525
2.2500
3.2475
3.7450
3.2425
2.2400
1.7375
2.2350
3.2325
3.7300
3.2275
2.2250
1.7225
2.2200
3.2175
3.7150
3.2125
2.2100
1.7075
2.2050
3.2025
3.7000
3.1975
2.1950
1.6925
2.1900
3.1875
3.6850
3.1825
2.1800
1.6775
2.1750
3.1725
3.6700
3.1675
2.1650
1.6625
2.1600
3.1575
3.6550
3.1525
2.1500
1.6475
2.1450
3.1425
3.6400
3.1375
2.1350
1.6325
2.1300
3.1275
3.6250
3.1225
2.1200
1.6175
2.1150
3.1125
3.6100
3.1075
2.1050
1.6025
2.1000
3.0975
3.5950
3.0925
2.0900
1.5875
2.0850
3.0825
3.5800
3.0775
2.0750
1.5725
2.0700
3.0675
3.5650
3.0625
2.0600
1.5575
2.0550
3.0525
3.5500
3.0475
2.0450
1.5425
2.0400
3.0375
3.5350
3.0325
2.0300
1.5275
2.0250
3.0225
3.5200
3.0175
2.0150
1.5125
2.0100
3.0075
3.5050
3.0025
4.5000
4.2472
3.5740
2.7074
1.9393
1.5288
1.6142
2.1666
3.0000
3.8334
4.3858
4.4712
4.0607
3.2926
2.4260
1.7528
1.5000
1.7528
2.4260
3.2926
4.0607
4.4712
4.3858
3.8334
3.0000
2.1666
1.6142
1.5288
1.9393
2.7074
3.5740
4.2472
4.5000
4.2472
3.5740
2.7074
1.9393
1.5288
1.6142
2.1666
3.0000
3.8334
4.3858
4.4712
4.0607
3.2926
2.4260
1.7528
1.5000
1.7528
2.4260
3.2926
4.0607
4.4712
4.3858
3.8334
3.0000
2.1666
1.6142
1.5288
1.9393
2.7074
3.5740
4.2472
4.5000
4.2472
3.5740
2.7074
1.9393
1.5288
1.6142
2.1666
3.0000
3.8334
4.3858
4.4712
4.0607
3.2926
2.4260
1.7528
1.5000
1.7528
2.4260
3.2926
4.0607
4.4712
4.3858
3.8334
3.0000
2.1666
1.6142
1.5288
1.9393
2.7074
3.5740
4.2472
4.5000
4.2472
3.5740
2.7074
1.9393
1.5288
1.6142
2.1666
3.0000
3.8334
4.3858
4.4712
4.0607
3.2926
2.4260
1.7528
1.5000
1.7528
2.4260
3.2926
4.0607
4.4712
4.3858
3.8334
3.0000
2.1666
1.6142
1.5288
1.9393
2.7074
3.5740
4.2472
4.5000
4.2472
3.5740
2.7074
1.9393
1.5288
1.6142
2.1666
3.0000
3.8334
4.3858
4.4712
4.0607
3.2926
2.4260
1.7528
1.5000
1.7528
2.4260
3.2926
4.0607
4.4712
4.3858
3.8334
3.0000
2.1666
1.6142
1.5288
1.9393
2.7074
3.5740
4.2472
4.5000
4.2472
3.5740
2.7074
1.9393
1.5288
1.6142
2.1666
3.0000
3.8334
4.3858
4.4712
4.0607
3.2926
2.4260
1.7528
1.5000
1.7528
2.4260
3.2926
4.0607
4.4712
4.3858
3.8334
3.0000
2.1666
1.6142
1.5288
1.9393
2.7074
3.5740
4.2472
4.5000
4.2472
3.5740
2.7074
1.9393
1.5288
1.6142
2.1666
2.0000
1.8830
1.5868
1.2500
1.0302
1.0302
1.2500
1.5868
1.8830
2.0000
1.8830
1.5868
1.2500
1.0302
1.0302
1.2500
1.5868
1.8830
2.0000
1.8830
1.5868
1.2500
1.0302
1.0302
1.2500
1.5868
1.8830
2.0000
1.8830
1.5868
1.2500
1.0302
1.0302
1.2500
1.5868
1.8830
2.0000
1.8830
1.5868
1.2500
1.0302
1.0302
1.2500
1.5868
1.8830
2.0000
1.8830
1.5868
1.2500
1.0302
1.0302
1.2500
1.5868
1.8830
2.0000
1.8830
1.5868
1.2500
1.0302
1.0302
1.2500
1.5868
1.8830
2.0000
1.8830
1.5868
1.2500
1.0302
1.0302
1.2500
1.5868
1.8830
2.0000
1.8830
1.5868
1.2500
1.0302
1.0302
1.2500
1.5868
1.8830
2.0000
1.8830
1.5868
1.2500
1.0302
1.0302
1.2500
1.5868
1.8830
2.0000
1.8830
1.5868
1.2500
1.0302
1.0302
1.2500
1.5868
1.8830
2.0000
1.8830
1.5868
1.2500
1.0302
1.0302
1.2500
1.5868
1.8830
2.0000
1.8830
1.5868
1.2500
1.0302
1.0302
1.2500
1.5868
1.8830
2.0000
1.8830
1.5868
1.2500
1.0302
1.0302
1.2500
1.5868
1.8830
2.0000
1.8830
1.5868
1.2500
1.0302
1.0302
1.2500
1.5868
1.8830
2.0000
1.8830
1.5868
1.2500
1.0302
1.0302
1.2500
1.5868
1.8830
2.0000
1.8830
1.5868
1.2500
1.0302
1.0302
1.2500
1.5868
1.8830
2.0000
1.8830
1.5868
1.2500
1.0302
1.0302
1.2500
1.5868
1.8830
2.0000
1.8830
1.5868
1.2500
1.0302
1.0302
1.2500
1.5868
1.8830
2.0000
1.8830
1.5868
1.2500
1.0302
1.0302
1.2500
1.5868
1.8830
2.0000
1.8830
1.5868
1.2500
1.0302
1.0302
1.2500
1.5868
1.8830
2.0000
1.8830
1.5868
1.2500
1.0302
1.0302
1.2500
1.5868
1.8830
2.0000
1.8830
1.9400
1.7572
1.2228
0.4192
-0.5300
-1.4792
-2.2828
-2.8172
-3.0000
-2.8022
-2.2528
-1.4342
-0.4700
0.4942
1.3128
1.8622
2.0600
1.8772
1.3428
0.5392
-0.4100
-1.3592
-2.1628
-2.6972
-2.8800
-2.6822
-2.1328
-1.3142
-0.3500
0.6142
1.4328
1.9822
2.1800
1.9972
1.4628
0.6592
-0.2900
-1.2392
-2.0428
-2.5772
-2.7600
-2.5622
-2.0128
-1.1942
-0.2300
0.7342
1.5528
2.1022
2.3000
2.1172
1.5828
0.7792
-0.1700
-1.1192
-1.9228
-2.4572
-2.6400
-2.4422
-1.8928
-1.0742
-0.1100
0.8542
1.6728
2.2222
2.4200
2.2372
1.7028
0.8992
-0.0500
-0.9992
-1.8028
-2.3372
-2.5200
-2.3222
-1.7728
-0.9542
0.0100
0.9742
1.7928
2.3422
2.5400
2.3572
1.8228
1.0192
0.0700
-0.8792
-1.6828
-2.2172
-2.4000
-2.2022
-1.6528
-0.8342
0.1300
1.0942
1.9128
2.4622
2.6600
2.4772
1.9428
1.1392
0.1900
-0.7592
-1.5628
-2.0972
-2.2800
-2.0822
-1.5328
-0.7142
0.2500
1.2142
2.0328
2.5822
2.7800
2.5972
2.0628
1.2592
0.3100
-0.6392
-1.4428
-1.9772
-2.1600
-1.9622
-1.4128
-0.5942
0.3700
1.3342
2.1528
2.7022
2.9000
2.7172
2.1828
1.3792
0.4300
-0.5192
-1.3228
-1.8572
-2.0400
-1.8422
-1.2928
-0.4742
0.4900
1.4542
2.2728
2.8222
3.0200
2.8372
2.3028
1.4992
0.5500
-0.3992
-1.2028
-1.7372
-1.9200
-1.7222
-1.1728
-0.3542
0.6100
1.5742
2.3928
2.9422
3.1400
2.9572
2.4228
1.6192
0.6700
-0.2792
-1.0828
-1.6172
-1.8000
-1.6022
-1.0528
-0.2342
0.7300
1.6942
2.5128
3.0622
3.2600
3.0772
2.5428
1.7392
0.7900
-0.1592
-0.9628
-1.4972
-1.6800
-1.4822
-0.9328
-0.1142
0.8500
1.8142
2.6328
3.1822
3.3800
3.1972
2.6628
1.8592
0.9100
-0.0392
-0.8428
-1.3772
