0,584246387729296
0,621670531057519
0,655588822376768
0,655254979195275
0,769393048792727
0,756542128911598
0,737390151902561
0,795363008823918
0,782499600422938
0,786037911034491
0,775391053178901
0,886941031827482
0,892710171554989
0,916772958987614
0,91036077443117
0,949073984904249
1,198989459263947
1,346834302893218
1,366197615694028
1,315440141781455
1,324316249830749
1,322489851998658
1,340817399884407
1,267906601707491
1,259825615821515
1,295892139608105
1,252692157673818
1,242328946889457
1,297140508614995
1,237654068949028
1,235844858181114
1,251523151849794
1,253161813835599
1,254072632081335
1,215489416104483
1,226985925554126
1,247090391605284
1,223630632920228
1,223184934704026
1,224027821229466
1,25333284660914
1,187025624450307
1,181955374175246
1,176242236374341
1,206094071861104
1,210504011667711
1,164955047131723
1,190598398282361
1,187292188053846
1,1948839821358
1,177499250278811
1,180484969666465
1,151316296796397
1,275923132384035
1,283551684562309
1,227170220948452
1,246177268129707
1,255408796907514
1,274797391680543
1,259869548238794
1,263966950673416
1,261646210505592
1,287785558199374
1,297352650969911
1,270577002679685
1,295667554147146
1,296251479523652
1,291906332125479
1,303065862178376
1,29707266395501
1,313531585574881
1,298537002183319
1,308034215775411
1,316205422333179
1,344014366812809
1,309377240462112
1,360133582020159
1,401446369250683
1,412797604740557
1,352924313391049
1,421545805512242
1,411192282575396
1,394207958890838
1,393485531695722
1,388180132424938
1,397555724578297
1,397981784055229
1,398095589344686
1,368378271309855
1,39597924110428
1,393486995019336
1,387393761098543
1,370953367826687
1,363528703825046
1,380181781427789
1,376544723499181
1,376243740879298
1,37193646850716
1,379303952371386
1,384429520726657
1,366173531664791
1,363660971279318
1,357004085222441
1,392197669998702
1,319688152831281
1,351435050224039
1,337706347225566
1,273964260004588
1,261023540296672
1,294301952486683
1,26724296745918
1,240372799493
1,230439670219809
1,192212683754718
1,192301618870832
1,210891263868158
1,237925597873081
1,248125871913258
1,212561763487102
1,219547483284986
1,219809332770045
1,201937927355285
1,222541814858218
1,220131797050672
1,239992617760568
1,214019496073319
1,215770907131014
1,25023575105768
1,218956359910744
1,218149096834081
1,251207816355376
1,244007726689149
1,233377813658375
1,32191976889896
1,357416353876332
1,357034264797777
1,353811536413746
1,363409838516818
1,36708267101713
1,326929465100314
1,341022381781507
1,369870381094098
1,358534182541713
1,405727296808283
1,404424726962685
1,361309953767422
1,38552015048743
1,382039953673948
1,308824802261053
1,346343972603653
1,348648386525579
1,32955751381925
1,352807258926363
1,352003508168333
1,37624201020668
1,407984860705759
1,413194030345211
1,403506735723837
1,432657901055262
1,434063071809958
1,397565734226897
1,408459354264424
1,423528420719936
1,311568010333112
1,310602565034792
1,31603952692112
1,311364014649391
1,289812005912931
1,296438152374206
1,369184706300104
1,31381486667317
1,313429102506255
1,3567884119516
1,305316375365314
1,306999075377695
1,367176218920153
1,30716640413497
1,305440606335604
1,402064496629659
1,353552962773495
1,350007250692633
1,395378350041
1,342815754682274
1,343215018146317
1,300981810126786
1,333345294482994
1,341779974782304
1,302413881473014
1,301889973428187
1,301178886248836
1,320153627548703
1,320213153576318
1,310167123240284
1,314411207793924
1,290968211056844
1,283181638054806
1,287901938422205
1,296282295616114
1,288462352708972
1,265447906859351
1,287440445551846
1,282801576272005
1,312619975686757
1,296502715880959
1,29538017389263
1,276379090193201
1,29371962314694
1,295213277019394
1,299057633293646
1,31208780798324
1,318985122862576
1,277244251145758
1,321952921713249
1,324500109449964
1,307421479986763
1,304044215770384
1,285872035511433
1,290376291213491
1,290263904426096
1,289738783245303
1,256650959568264
1,276871645530078
1,278311807480194
1,310078382156072
1,330094386582461
1,331621567072349
1,323181882960198
1,327411253966577
1,324955800087178
1,332547458277598
1,32486748843783
1,329488006427467
1,301045501204648
1,321901718591997
1,321498125739475
1,323411976102607
1,323162866226995
1,319289892078299
1,314337747678595
1,304188784429808
1,296109284149663
1,296472809323236
1,325321384377485
1,332594961363133
1,243399314506528
1,203284322427222
1,201547513080916
1,188047417847129
1,233414636135296
1,234940986617986
1,212269062164918
1,246161349284109
1,245384030894868
1,147266712792805
1,181218448826276
1,180962964395109
1,178416632952448
1,189151671207921
1,19159353607901
1,086519060554251
1,083360932752422
1,079527131173607
1,042400083015139
1,098898683606242
1,103878058068633
1,092429498959114
1,098519512223191
1,09684716529177
1,07465405581756
1,094899429781946
1,093515990342723
1,112418507438772
1,059966990216073
1,049752852200186
1,230507664860934
1,181703159165636
1,180995065594338
1,218882499699626
1,170084988864985
1,168963873797004
1,196310860725245
1,180351527709152
1,183052952761733
1,192283701261232
1,203057903574588
1,215352741112955
1,19135526569325
1,187278799530305
1,163643957792357
1,253675712332044
1,273073034910471
1,278913164666276
1,282840093816973
1,259515564452326
1,254384764611739
1,249497049097172
1,239309929879469
1,23947699442318
1,250924058580787
1,227896853781886
1,231023129667455
1,236831442523246
1,246385431520943
1,244837750066194
1,189057255495992
1,2130257577632
1,217519653428717
1,239894642678431
1,23850708132016
1,237602717834473
1,238869868115517
1,235167249064566
1,230900748473188
1,245799340408599
1,223184972953403
1,210445105507547
1,280526767166905
1,355102120880294
1,383541519688228
1,376645221641964
1,358736215302037
1,356212362230101
1,387369201560318
1,366892739187716
1,367848961745165
1,362941895576941
1,415186723382046
1,415174811134647
1,379299051018695
1,407558653868076
1,413518184261576
1,383810563057531
1,391507970764203
1,381628110336225
1,310924998662288
1,330536183947952
1,331545866041219
1,299502276311594
1,307123201993565
1,306411004114769
1,293943213265106
1,300748398229691
1,303105251527158
1,313991419744903
1,302227245080705
1,302591656123096
1,251616851744211
1,19491548019777
1,192031474003219
1,179640225325064
1,204576839006678
1,20621787322295
1,176130103290488
1,197866422996274
1,198485320482745
1,214083181339551
1,164700375027784
1,16807512222527
1,185334329592635
1,18942806070047
1,181751666005688
1,181582631627404
1,216332860943478
1,239054346888005
1,279412757057208
1,276871731534799
1,272424671504114
1,256970066336239
1,283694733940666
1,280401969211297
1,282881381471545
1,263417800763665
1,272846055488447
1,3292774120398
1,297500877386575
1,296557564935459
1,299189884896648
1,299026689064285
1,295812731102187
1,318089631909883
1,290535758460916
1,289155259940857
1,30621382151447
1,280970930782478
1,285461125423048
1,304581099087029
1,237944659105486
1,235678044239639
1,262578491765894
1,238891891568242
1,239749800775703
1,311034426549684
1,229219620387315
1,217589296468544
1,262325958497665
1,234380648374462
1,239783126715789
1,266876905037821
1,245649411025665
1,248742639624151
1,25359937553096
1,255075989671152
1,247455269897093
1,209935398064928
1,227836475499551
1,229869569614866
1,226050166211136
1,22703985152251
1,224097518331757
1,200597977606795
1,234670729302387
1,233267273778935
1,233466211225313
1,249797348832449
1,248493090715287
1,235673291072948
1,309541027427711
1,308849451507169
1,286241327165808
1,294970475819799
1,294457781930581
1,242681141033888
1,284711304320945
1,282137138163406
1,277966205145498
1,282474640226829
1,282501300437302
1,263488870259009
1,288701424357029
1,289588965746868
1,321674764277426
1,284819608172683
1,282391976975259
1,31116274246671
1,286851347396075
1,285910075459798
1,296998055973551
1,29207836604753
1,293436351149713
1,303208712697449
1,30552391041694
1,321994772248068
1,292608027179328
1,309707748903473
1,305855393131819
1,265616366420058
1,321665855324443
1,298760236907859
1,244029788463272
1,307158613329368
1,306568422264792
1,293902534710418
1,293266363437809
1,293242595142652
1,294289120294132
1,311763155873449
1,309639248325718
1,307927056342344
1,293826672716062
1,295766260997113
1,25387162182603
1,300476699318603
1,306894184792335
1,275208118364002
1,315765174641003
1,323026016949058
1,297419874825318
1,308110304505876
1,302100299917205
1,27881960282178
1,303990374326795
1,295756777731585
1,308572706696952
1,289304827958978
1,288323979748927
1,308337000027712
1,288296928418905
1,310602229495783
1,357376558429489
1,257871760624111
1,265067511778789
1,337315217150612
1,296486560180977
1,300665675234726
1,281799281786856
1,318849861024014
1,338055807716795
1,369450764826291
1,362039240495758
1,359397855697132
1,369248433147958
1,362920731998036
1,360121921563753
1,355769667259525
1,333895823842474
1,329263871373918
1,37918249332913
1,35137283103405
1,358270508334062
1,369152174505563
1,355718922295787
1,345269599700408
1,326849470946387
1,379885940656286
1,374816358027934
1,357372956176735
1,355628144276512
1,355339684295996
1,35799537409172
1,386081509124704
1,379415483148445
1,334391741262403
1,368316673957017
1,364443309861166
1,377923204240642
1,322596303464623
1,300749475442971
1,262154988981498
1,292250220845726
1,290666438019735
1,26707580228661
1,290542032662134
1,287691930729997
1,266724119072433
1,292207298581615
1,288626124324624
1,261282133025307
1,269618120551045
1,270226585743517
1,289583614871302
1,243165022584879
1,252361594197225
1,301976591348085
1,26519617054673
1,294143139894421
1,300149604580757
1,289543431907857
1,289351456835464
1,284984022888512
1,296386956670768
1,296282138235151
1,310158125976006
1,315794199473605
1,320905593546478
1,293195452244359
1,33247953045612
1,329707210485798
1,348366213628773
1,31512989239076
1,316481758113223
1,341543880137995
1,307745597027431
1,317470767115498
1,358456751736846
1,348722372116876
1,357150772982115
1,315700832988712
1,359439778875782
1,36505774240279
1,324794472577316
1,378197465469772
1,377910071189111
1,35959100223986
1,332457349998473
1,316833769122101
1,351976366610085
1,331387771111992
1,331043483542503
1,323285063003025
1,340712667170077
1,342530330881858
1,319842951576611
1,317632670663447
1,312193571686877
1,312832161224228
1,329413956682125
1,333605317826307
1,301581709196967
1,314711800023686
1,315396835249654
1,325310570690419
1,306746111560173
1,298932056797435
1,297380815256916
1,271291838407028
1,262913879200004
1,309924838015579
1,27431537285247
1,267915665320438
1,320208877944135
1,258384668381937
1,254118397535367
1,278731531831743
1,270569606961847
1,263665177368198
1,271622583138856
1,265341639489676
1,264830137053442
1,284306151996998
1,23862642855323
1,245808051646248
1,254686896611684
1,339013065401235
1,347898872004942
1,313520387439448
1,343041678049176
1,339790907723379
1,351670670586108
1,341029781611717
1,342146859518016
1,326811456623712
1,373134513443799
1,373028677737921
1,307042009194341
1,349529883515792
1,355069222868407
1,357353648309994
1,38501299000163
1,382719710060897
1,362011933648773
1,384434518841862
1,383488474259417
1,378984251147311
1,380019251835547
1,379758852389273
1,348347095457126
1,284104693801462
1,292505633232428
1,278646324206192
1,28835383618666
1,289568036444227
1,282048831600885
1,101361890308247
1,093535945043949
1,151395369751823
1,094721926495746
1,10017329549949
1,060298074314792
1,119910023506665
1,121330074925955
1,115392224853458
1,086563850709264
1,095053783259628
1,148102967665754
1,112775473866969
1,104830669193647
1,116366363786236
1,065969323195333
1,067878045713249
1,004842971723697
0,919422900686818
0,934354093278654
0,843537913849009
0,863787387707255
0,864228859693266
0,851650382758854
0,928791789706502
0,915965192352088
0,940464300428125
0,940564775757724
0,92887518391188
0,936088811260142
1,070898182460616
1,069685272094529
1,056144645161905
1,038437400720642
1,028360424436499
1,100059927790371
1,054579468604615
1,05901496640882
1,040687818878986
1,087777157432616
1,078636113133928
1,060463296584192
1,060519479542943
1,061789796196868
1,058127620459543
1,067500234538695
1,066766162971863
1,164212683953085
1,26596796839858
1,253690418629528
1,332483889709265
1,321438780880912
1,320490457724659
1,325137476911092
1,323481703391615
1,325733196360047
1,336882209462192
1,329421681687858
1,326188221974578
1,345203866983515
1,320109245202052
1,323991137672541
1,31458417246132
1,316548938084375
1,321593341901093
1,329407239840244
1,275934954823842
1,277186321831979
1,349737365225135
1,280251809903964
1,278845312841721
1,300705192087618
1,289993227395759
1,288744590247728
1,257045488305771
1,314475416712962
1,315707281391538
1,303644124520316
1,286252832535356
1,287648809317386
1,265584881653208
1,29668120304425
1,298000772542837
1,298095316997091
1,293846164725769
1,292150996953564
1,27954496384539
1,299882454432788
1,300784721247294
1,254149563522556
1,313700179128538
1,31402347966308
1,314164812613706
1,309816345090698
1,30868821093877
1,282576368436986
1,319814995306746
1,312093040302704
1,256969840181526
1,319278977378006
1,330451000482811
1,290569593005163
1,313017640624536
1,315200708109079
1,366244354685998
1,29075285591186
1,297554588212204
1,296473292127181
1,347367788818185
1,37498643072206
1,352441616943495
1,352719655429898
1,343294106677365
1,315882517989235
1,367560510211088
1,374793205670779
1,360183296109027
1,349625257276339
1,349974563233162
1,392443738898248
1,300052929277215
1,312155748707383
1,363586139701771
1,345478109361322
1,34371023515639
1,34321368548358
1,336567996562526
1,334491072120793
1,363812600186486
1,320618623579924
1,312764663056804
1,329775563031504
1,34354637302288
1,343053384126409
1,277247639758243
1,341174459104036
1,335575100425867
1,329479476152058
1,285394906928823
1,257263318879888
1,307487199501367
1,264811740822426
1,272819526848917
1,3324202933302
1,267534455879821
1,260405128867908
1,270090848701848
1,280105753967295
1,280513274425652
1,257840381467699
1,302547606506175
1,289505310882131
1,257939574041342
1,270062644971397
1,271172119195834
1,243210007951568
1,311846405928608
1,315510494831465
1,286104198439263
1,27947846994959
1,280266842007616
1,313910524407673
1,259588588132782
1,270378674104536
1,330272179996006
1,293821404811053
1,294545762342735
1,2765909450888
1,304978277509516
1,306292014431925
1,305446962848279
1,29599954118285
1,293429416760903
1,282331107066568
1,282841596988395
1,284664165133926
1,287447944835404
1,287745734324513
1,285627974781289
1,285542166203103
1,290446792704935
1,287497414432096
1,259716476161126
1,297912030487132
1,304698195357018
1,305441520144789
1,261168986875997
1,265168861731602
1,299562332030684
1,31073002329828
1,308218835245617
1,28341289734832
1,305211857537573
1,295087622750317
1,279070599716369
1,264377024323913
1,2655563712015
1,305679384319784
1,276396489736152
1,27578038985344
1,267936217132936
1,27162156169489
1,278024394395042
1,25883656125685
1,271307030206468
1,268749406591496
1,273408466237157
1,260637159337463
1,263083105450349
1,27870098919213
1,250433045728563
1,255231288185969
1,285927194203434
1,250567819741605
1,244167865401976
1,247457654419554
1,300753863239554
1,297527065266014
1,269359719051514
1,265758735599987
1,270109807101332
1,321806971163211
1,369914453129842
1,368875567779428
1,354556259233862
1,373112097818528
1,369526285823394
1,344969755812238
1,368733225256092
1,372578029534545
1,330490708134189
1,423471759163376
1,442444336386442
1,407545770752253
1,460481226296305
1,460103579105258
1,426355916988951
1,445034865362707
1,444796826856182
1,438602046014181
1,453510671066986
1,453264717356375
1,442856651826048
1,434837228734331
1,450640337021444
1,48730197954362
1,427226219586899
1,427856298319802
1,388595792978678
1,447083581618246
1,440817469987123
1,383062769322701
1,329202707260906
1,332906331905066
1,352444429405776
1,347886525225947
1,345994849474339
1,332114084616045
1,358468233431198
1,335922195792303
1,33611585402607
1,322910511796217
1,303250502725687
1,284109137642136
1,304764348534184
1,313536914077156
1,314765782674355
1,307832481380304
1,307903484283841
1,301208717511119
1,300476787240784
1,298352464288033
1,239214383166364
1,133313493603398
1,113188550438755
1,117887978359527
1,070932193872508
1,076346022152424
1,132789232442282
1,073629651258802
1,074759504559176
1,113319963723342
1,101642865468631
1,098749031723845
1,084525420762603
1,095988300300155
1,097574566553747
1,113676438877553
1,100099820454322
1,12594090701686
1,145170104627635
1,07392781152977
1,107530995067692
1,268865900701933
1,195894934109676
1,190037905788337
1,191277237284881
1,203390924695003
1,203502149595761
1,214271888288435
1,196370273957957
1,199554404467002
1,242103833517929
1,382397021383248
1,385926179794453
1,35823846404683
1,389881574346517
1,382621466348308
1,363685755268916
1,388888868438536
1,389597283589074
1,345718129418035
1,359101705322774
1,362421797248537
1,411126122369271
1,377227803636606
1,378028098343632
1,384163829485863
1,38753923709735
1,386958083595915
1,393323711746591
1,410737403923282
1,377950241843772
1,256259418545382
1,262562354042632
1,275900776233555
1,34878838449031
1,304386376655879
1,299520418785088
1,306083206553852
1,305677101496462
1,301810661050608
1,333424810403495
1,266797363809003
1,27342848954655
1,324745917861373
1,295704744346587
1,290536972021453
1,283805237088556
1,285276476226372
1,284382023388199
1,309629866783499
1,291516895804098
1,28774361456627
1,261097702428905
1,263785837374976
1,261857461214716
1,292559722248209
1,252262771171923
1,242558593680882
1,240934904426818
1,255473381802235
1,252305468215298
1,196964244822908
1,317808799861605
1,226032847837191
1,154688239609403
1,190285961689815
1,202988382294493
1,252256225113352
1,280427808109931
1,307766595924484
1,36216650150252
1,435793581965285
1,449849485211867
1,491374125625694
1,546822880826691
1,586682277339607
1,692081935914318
1,756117453096483
1,765381266262417
1,861458410845104
1,969587340040772
1,951527025018955
1,968563128506358
2,054050684582401
2,05749411472303
2,102882853788842
2,161345610136981
2,157264788326394
2,149913533823351
2,214471370909615
2,216882123757266
2,322640336352311
2,178905985172244
2,457405398336885
2,620820790631226
2,678473003980756
2,642298248358982
2,614368947980279
2,608567135578444
2,590754081877372
2,589870387820338
2,590639259636895
2,563800112436168
2,538315548748933
2,549752167102146
2,561376395475109
2,560061064535865
2,542403203846491
2,568465543866502
2,58236788438959
2,583020639385243
2,60453080303573
2,577944528251806
2,547085141796033
2,562565795679302
2,605933086914265
2,614619945369996
2,605549236876242
2,693382347780095
2,71231663465149
2,718851685447389
2,711250835936401
2,702453770865898
2,693650724051759
2,688948406585079
2,679011346832053
2,719907319206458
2,58722814159823
2,570013265931924
2,582830692469118
2,577536765109533
2,57789170337271
2,594389270741915
2,629156199420042
2,633854654658185
2,609627482110348
2,583976544223773
2,588352341004852
2,544604923691893
2,460938643636496
2,419866950160965
2,460624362626272
2,534800615090196
2,57130829393981
2,561659965035416
2,520291825465257
2,473751469724179
2,456329795672584
2,421931411318822
2,382505794140898
2,391903357796656
2,405655144072404
2,418615400500977
2,411166232880527
2,429405265893371
2,41573824537606
2,399892113305302
2,604989898066966
2,655517078834705
2,62331939140798
2,572242373121715
2,538435198479602
2,59943283971701
2,645463905915638
2,642613852292387
2,652092583697896
2,670419345244285
2,684436450236107
2,669294194690206
2,670221499267673
2,673588086241349
2,664336087945101
2,677653863935128
2,689535619237886
2,674419023140792
2,624343480713243
2,576149397991992
2,574271026871897
2,571533258727749
2,570980448869609
2,569489581770976
2,564285441428116
2,566321782698037
2,570250815777898
2,529612497036604
2,530289020449338
2,530322890832598
2,518875244781659
2,507777591812778
2,529473054974158
2,566160418301966
2,574867136286814
2,54070560959627
2,495791728253133
2,492396591156759
2,454589454660357
2,404502647148906
2,382501812977851
2,41906520809674
2,450860396547838
2,451324663956645
2,419767944981424
2,357490478939053
2,336432645855269
2,36912911166171
2,451546766468545
2,556372140133665
2,58357961573986
2,59416796234383
2,601627809654959
2,583662139880374
2,560813680180718
2,560398040658956
2,580942818084914
2,59486153777728
2,615718135682606
2,612883618824739
2,60792187161484
2,593621131797117
2,596733090124973
2,60500565538231
2,632755036292135
2,526245861720467
2,537020714435001
2,542676887871829
2,58141391840886
2,598036412492065
2,592768302051707
2,583641769281962
2,578634958305578
2,582396290259143
2,601235243671104
2,591099819767666
2,564514652708543
2,571756389745958
2,601019450695069
2,617682706599732
2,62275117211904
2,610848393067234
2,602696236306136
2,597560731812834
2,608378693558198
2,60567775827398
2,583872959436581
2,562591874258287
2,540780010167254
2,540904055058124
2,541483068638603
2,544954010217974
2,582329872577745
2,603680820940032
2,602745096792665
2,720294879012014
2,70875329919128
2,67330440936942
2,683708571769738
2,763201343952965
2,777715636826826
2,708556194780308
2,665446414163969
2,663253375893604
2,687481218035396
2,756897421104728
2,793310799236814
2,76456317607653
2,677869568610568
2,645105827593854
2,647711305505845
2,665365707428454
2,640132102134752
2,69213359049966
2,799121356517795
2,848945111906521
2,805006613130273
2,724914908794467
2,694332402272976
2,713913284438378
2,72374398925215
2,730722011503794
2,708305090098432
2,695330799229023
2,680375713549022
2,674421063605138
2,718213524413575
2,772480139915695
2,757386395534579
2,660794499800458
2,648730483709684
2,708209345844831
2,745153619713022
2,7416527914979
2,721931772052865
2,659061625850568
2,62160236379253
2,662321919362547
2,732063715699807
2,754517026432513
2,749240719436199
2,75523468767042
2,796242966449621
2,762868649077844
2,660752855609849
2,59546734172927
2,655139591928502
2,842064980686525
2,892828285179578
2,862238910309206
2,796254259700215
2,768710871649218
2,757935923538492
2,731513442266214
2,737759396690754
2,743508280799806
2,734566394545431
2,717347659829367
2,724005642519724
2,738008725553649
2,732522158275716
2,740432503146163
2,75062073749945
2,770829886795402
2,726780938707861
2,719903310149293
2,735331484178583
2,762444719434921
2,729222761912962
2,709494302629125
2,71095903012418
2,748640131146764
2,755338964391399
2,750723976886723
2,755354545262646
2,760927645972866
2,749211303259834
2,650645052612283
2,630720303972182
2,640099331671697
2,671548634321358
2,684201196280244
2,688611874148233
2,735177749704534
2,746568807825326
2,709992088423772
2,600945462378738
2,57630701820719
2,611248825746913
2,661040472047443
2,668461662487699
2,625523193120323
2,543711386246467
2,483744970690974
2,54426661788225
2,572602209487508
2,573253266348646
2,53925898671401
2,576111737141264
2,602619467881042
2,581877893633804
2,502854834963714
2,475662405298342
2,51310562734625
2,568570414495829
2,589566762927575
2,584907953150502
2,577136349637181
2,581664585075365
2,575690432547601
2,58562849510942
2,592465294718003
2,586534301285514
2,558796099447409
2,539440381244582
2,568614892116712
2,651213879236982
2,671811804164633
2,643541645965767
2,826249358106018
2,731273914558365
2,776178014107432
2,863158012917828
2,897698135303272
2,871523869551867
2,86102126448866
2,866295581232545
2,841040695315607
2,821324713367635
2,816031160748519
2,828256594612003
2,882267894499462
2,872915317608497
2,866067064344319
2,83715441912211
2,838529142399218
2,819866469303818
2,82684734956778
2,799886631478941
2,82076860457766
2,789417310066706
2,787874532058618
2,799416510461806
2,829141362575663
2,82498197941482
2,826249440314239
2,810398737056045
2,844848487514076
2,815510040240794
2,56979760237363
2,6422487519714
2,643548045910252
2,605703178296933
2,606825883820418
2,608605172489574
2,616481049754469
2,593974529925649
2,54220963821838
2,484213641637537
2,453084190884649
2,504845956480026
2,561774498093947
2,58777644168601
2,580542453353153
2,576491324633294
2,560211421421748
2,567477225823427
2,547272483703721
2,542184441540673
2,565212185323465
2,614139244951338
2,635502156087658
2,63436003299433
2,614425005572821
2,623476048487389
2,613196074208472
2,611643245372425
2,576891128674108
2,59917452220172
2,628310391023464
2,650289802897633
2,642104357209608
2,653308077719044
2,658254958703258
2,674547376781074
2,697714081039653
2,7150873962465
2,755023364062153
2,76116757999016
2,760324275685669
2,740488812107227
2,712923507361702
2,71087485328355
2,705499873893413
2,72944849969407
2,755977090649929
2,808296470280975
2,85445651033751
2,87643351386436
2,857032192263393
2,845683381499028
2,839036941469304
2,813505125429717
2,799559759018386
2,767209263989212
2,776268480572869
2,761881901617627
2,773957561342458
2,760496082378018
2,747546682585564
2,749855773776906
2,744665270867714
2,742243316608671
2,713889170361452
2,727365336191139
2,731860973958743
2,748257042088781
2,729538318281891
2,734628003935478
2,731035406672891
2,752896227259245
2,76346258382879
2,75591773897664
2,77037711336603
2,761814493958789
2,7402385980133
2,67666732181748
2,610697323499266
2,594028858277322
2,624141879258838
2,686758919128908
2,712863590771069
2,717160112352122
2,726961113426631
2,743991718156404
2,739647401711859
2,744652277499603
2,75338905413417
2,748817328263204
2,678659471344121
2,643705446942898
2,678499194298997
2,730103015400939
2,763325158960339
2,731385559013895
2,691378474733531
2,648195779484445
2,676774786077249
2,650964409328741
2,666040620554028
2,629059836221735
2,610144918916843
2,605470543270611
2,600390776487609
2,585934580062192
2,580042415940206
2,599191119124647
2,667876238032744
2,676647623815226
2,642550661781365
2,55080047173242
2,496192596586118
2,500772821349904
2,464995797829289
2,422139660768196
2,472801863573362
2,564599960352346
2,585120188826702
2,537925321525013
2,549264782307685
2,581293684779791
2,561798724867463
2,526285150586251
2,514533295662627
2,538331574430146
2,551829989289074
2,564013500717262
2,539635310821251
2,577331623416688
2,491896238937692
2,502082752325267
2,608720680342724
2,659069639182694
2,599898554959136
2,503326028854339
2,478831738768029
2,501312459708918
2,494363704794359
2,493608447418324
2,538747199562225
2,591880346779366
2,596169800026468
2,604302860729312
2,664242722535136
2,722494604341136
2,676481447072341
2,574717178388352
2,550012722769128
2,599620049116609
2,664594320021752
2,678724251425915
2,657028545063407
2,575804158280819
2,527831402882191
2,556678631318302
2,609958728812237
2,637939291920788
2,637692481321637
2,673873159208749
2,746430723933065
2,74757643101463
2,662189385847238
2,625496821510599
2,643802781707589
2,675576203362941
2,688462174156872
2,713703043937425
2,649109622031104
2,636737102229497
2,612283634765777
2,546660891607604
2,53072133421802
2,545428361977292
2,56016783589861
2,543267613106772
2,560331289074934
2,585089260436532
2,57954406861715
2,588484534700595
2,545937167249416
2,529860480203146
2,53831407842376
2,646715198070788
2,691750963634656
2,662515286685301
2,596033912200043
2,588632321898743
2,590688996760758
2,604660796624151
2,611831930356876
2,603667853182075
2,597013583941516
2,58706901928259
2,607903749845973
2,619215985749499
2,616328967144622
2,578027963334639
2,657609110565599
2,655863270421872
2,66974463929087
2,746494807237833
2,792526435647422
2,771114920950605
2,734867878727889
2,74161389002022
2,720034430195573
2,685449615499418
2,674916091029653
2,685665820096367
2,770189150584063
2,79732155156151
2,786098340627871
2,721838793849042
2,711467865903488
2,716049486216966
2,673004760898323
2,656965965232738
2,65262432453809
2,640134101223455
2,621700396012668
2,642512533496304
2,701434101398139
2,743274248630643
2,727265667377338
2,721626914429375
2,711319757735875
2,706522964932822
2,732069250717776
2,748074967895036
2,72794826088981
2,640515219035408
2,599151760252266
2,514879483284415
2,461155684276468
2,440443717673531
2,499000044684212
2,574452544515092
2,580272144505693
2,533038782946781
2,508910272439026
2,491305569458885
2,496146076106337
2,502234171938211
2,515439558419867
2,507979022961212
2,549906019233671
2,556051679245055
2,547828219853167
2,508743567258071
2,51385810230825
2,520979391466173
2,498906190855138
2,469272706990508
2,498469065239298
2,547586623500065
2,562505338395363
2,559321768629496
2,520581651443015
2,51638516191913
2,510246744413973
2,520317580993478
2,523376781445791
2,609725443755797
2,674078192958349
2,682622223659056
2,649765987485614
2,639606163581927
2,638361241405652
2,67563498792166
2,640727262927769
2,638807998053329
2,60584709276695
2,586593267767356
2,576585972385578
2,587830331420622
2,61757598850463
2,644472580685619
2,707245643967907
2,740916679335682
2,738569194148737
2,729586540834202
2,703187279127366
2,69196505007319
2,71032589799229
2,741792685423479
2,801050729773693
2,785090364756645
2,800451389327924
2,791710801255968
2,813291983252341
2,853015126870414
2,863429788265788
2,865502557582405
2,807201160873989
2,744140513345781
2,764075573931678
2,748589136885457
2,760117017417916
2,72788629301243
2,74748754783786
2,735060437989267
2,803942714312341
2,853115655492982
2,801207627201781
2,822009526728351
2,845513449004648
2,84435316835054
2,76818212133897
2,742412062042601
2,725662583006191
2,735332637258002
2,757085645685252
2,76527516482665
2,710350037727079
2,648696446127817
2,602924391040368
2,617727149264956
2,630856666023116
2,637517074994503
2,634042070295441
2,622200362564069
2,612870271402778
2,587551933116762
2,584825328126014
2,615629276920408
2,629474208654594
2,665185158801406
2,673247202849552
2,695237856612569
2,654786434907824
2,648728339462213
2,640854829147898
2,651957166639372
2,671706727094322
2,65298006992432
2,624237783464654
2,610914438132712
2,627222819972141
2,613063411046678
2,624721284225749
2,627214563287282
2,606704445863482
2,587992731068343
2,646877586408836
2,718912241838202
2,738031543578436
2,729602890313679
2,735902904164134
2,735828756081943
2,734496817133165
2,715636018287038
2,705083456407394
2,686938681023456
2,694362574347636
2,692649778710481
2,66659019792011
2,626391176992728
2,613788724391138
2,606459301611842
2,649016386237239
2,640738913932666
2,637540306875083
2,605909009270614
2,639085656589908
2,631200774994624
2,624074954677985
2,618546825642857
2,624731735293301
2,630078983533575
2,62896038430917
2,62812967041795
2,635028460454061
2,642683370530473
2,61840515590546
2,610944425516373
2,586867013646737
2,591035880504598
2,584689586436771
2,585061849699378
2,573745240389407
2,577222403305983
2,563744754938442
2,672722875539794
2,743215557491792
2,760716410309431
2,737080339144316
2,734237631058788
2,737070162999537
2,741532594848189
2,722543326853619
2,732215709072155
2,719253322361944
2,7219948116013
2,708503820760612
2,70883538692756
2,676147713828479
2,648539278913236
2,679766852188006
2,762571195691665
2,779971507851558
2,752229975953345
2,709500714143694
2,689879891269965
2,694041358742418
2,667021240728915
2,689000803133926
2,650003753489241
2,601727477670669
2,573903794985085
2,61866700446736
2,676501487223121
2,708914162109742
2,666522954770344
2,615161375781751
2,585885401295998
2,606134895264494
2,617279167169925
2,621554609119375
2,61751959652139
2,647263203729843
2,66806107288458
2,661582770167746
2,617823982622094
2,610361925441148
2,63532469734602
2,640546965164881
2,65533387213407
2,637168019543667
2,621183446658295
2,623737966286394
2,619719312438657
2,600329921561633
2,60960752930564
2,604838955488894
2,58544712166188
2,561608201707572
2,608277520917542
2,669214482576542
2,699645715950208
2,659268509682867
2,631864479573172
2,610932773862317
2,642989060572488
2,630514901646106
2,629057351658581
2,637819004258298
2,648204235808606
2,66104365256705
2,67116509217613
2,683904115240607
2,62115849898027
2,60101246732334
2,590487610123217
2,604749148470918
2,575517446909478
2,566386256845621
2,555932398044291
2,566183880217067
2,590802452178358
2,605418933223243
2,608415580945792
2,663397464603102
2,646041661846757
2,640560142851077
2,594381103421839
2,57835972729298
2,598725958053981
2,644078434585159
2,667471213614145
2,657540885275544
2,618887107989032
2,601585150250319
2,602971743809681
2,629418899042271
2,627614360987304
2,617059392721786
2,612050132425111
2,623327436572863
2,599614381237682
2,565310544637493
2,592310314095858
2,627737487736148
2,601067838598399
2,572940366589826
2,588652115594056
2,623168715675786
2,645625374037424
2,630314611019719
2,576902473159227
2,543541465823812
2,546746191764461
2,500403905950192
2,523801234482424
2,529981741881517
2,586839924279046
2,603065328060206
2,575890922465138
2,503430970244596
2,469910684330215
2,461223857619342
2,466890455786638
2,480661038556277
2,494821169283063
2,52566874840047
2,578032485182772
2,558107940253617
2,471194767650436
2,41400066499759
2,453299107631926
2,504508857800093
2,559818779421919
2,530734771617674
2,55802290267393
2,561603092757828
2,572486563822362
2,556998943033514
2,536953531188817
2,564778286196231
2,590395175191968
2,593023607420716
2,499220274844419
2,485240314691738
2,426028597556572
2,44703576404032
2,485969690116348
2,502374071087619
2,472469180172168
2,431640130028858
2,416718593404997
2,474904702638087
2,547347613396016
2,561542969886956
2,53941096291551
2,51839253034119
2,503901578294534
2,498913953622163
2,464958819105303
2,437640567511954
2,44772506208757
2,472636048865867
2,468535408596681
2,477406424274564
2,533480770757306
2,538562282373657
2,534443357928346
2,516563715918139
2,513289255016676
2,513523080092831
2,534459259669866
2,54161242262098
2,605211528482143
2,591805536824463
2,640182704905738
2,614641292013372
2,578365775148747
2,565583084965182
2,588541288157738
2,63964510943698
2,64950949483952
2,640897279688949
2,588421520398603
2,566617085994356
2,589066362037718
2,611034595583672
2,615657248765473
2,618944022310414
2,666242141352793
2,692144251631419
2,671793482071144
2,622120027014367
2,604800541212836
2,621311527299641
2,644973473605139
2,664554981486793
2,652243392296615
2,674932545402317
2,68664536343743
2,668589210781748
2,626734069518211
2,6113584329555
2,616911195926715
2,71222893954473
2,723234413734816
2,713390349448756
2,650644499088199
2,575642974610482
2,556088843613268
2,559086739622276
2,573600356165469
2,552393262475824
2,559955193028748
2,571133731178013
2,557760160904068
2,525843400250991
2,517923710946104
2,521215558211699
2,522307289956121
2,505658994093601
2,514978505565736
2,503384764377597
2,516062862864333
2,478794851963818
2,434712087196185
2,417501213503033
2,434919225044776
2,439537186649382
2,441459333559416
2,448496932339043
2,435364534286248
2,403423720730175
2,409779963536755
2,382184513127829
2,382207391243471
2,393421448008385
2,440924305052352
2,496479924157687
2,562055286879299
2,599167678739313
2,600279543714802
2,588149509422178
2,573821887041681
2,573437181418728
2,582600469270964
2,619658553058302
2,630573975379033
2,608704034565048
2,552559477059001
2,559226636598962
2,581659191886849
2,662984947930572
2,689323381043466
2,711126991404063
2,683780981309167
2,637679250126753
2,632240293262885
2,595012497960786
2,585292288819693
2,589640418636401
2,624113611566505
2,664305456944785
2,631219443287232
2,590110231503305
2,571124820034675
2,590607114437178
2,639083397535411
2,705856810231163
2,680048083907492
2,645218389591467
2,61569161217716
2,645209490531419
2,647092412709855
2,650736387193975
2,61129624447555
2,495326733127555
2,099459718861087
1,634310413641108
1,368004813285307
1,378041282452714
1,313837229834269
1,27404315956984
1,246097612284273
1,228926802828343
1,197681594079442
1,220355772390182
1,186474174934778
1,094482814135894
1,097002223595477
1,05734382893593
0,941663324823775
0,954504535267919
0,947143353734471
0,926263531138279
0,934390165753067
0,911169138404315
0,879439200370286
0,848451181584983
0,87246743375925
0,823653571801085
0,790274306897974
0,779526722861194
0,724090759728913
0,701480204705217
0,795582667613118
0,770818135945559
0,845903919808205
1,173209874793932
1,354138645443654
1,358298052251487
1,407355763888538
1,410830284938044
1,383492509212347
1,418488331674618
1,405517472312601
1,382215776233939
1,411528746971294
1,390766082152576
1,4013544325969
1,427089398135176
1,423599637047491
1,409292662263095
1,412454306990964
1,387715861910658
1,402570682452977
1,37727373025026
1,359834401139393
1,356974381110926
1,384052395942009
1,379398361441428
1,367358714002754
1,379154097534008
1,380827876820704
1,366569688278129
1,32385810105191
1,349104777698474
1,341439453735138
1,361951890978124
1,339154561661222
1,301487921677417
1,312388633006632
1,329321760445599
1,335263063214127
1,334180307528144
1,346720349588519
1,190467910692849
1,197552855292827
1,291377150772482
1,23746070070822
1,201163452345758
1,260053080217937
1,268730359582224
1,239805362247672
1,268513208705114
1,288708494705092
1,288508980421164
1,301768212527179
1,288761619085689
1,284813460694644
1,323774964234717
1,291905155023788
1,305241240417545
1,310799350172984
1,33393059034174
1,311243730786233
1,293479366557326
1,304628856104946
1,305603778601704
1,336692205774652
1,348538941650783
1,350183493916039
1,292424121201453
1,310595933540645
1,340788977049799
1,318801190139564
1,416274582188814
1,414181619402244
1,371644614466635
1,39118866429309
1,399114629386365
1,358102894749839
1,436821018369991
1,473908569337958
1,472307659803405
1,470948039016651
1,489066590499256
1,479945080725601
1,49444402394838
1,474468570995322
1,465424789182799
1,485370781399318
1,462484884086182
1,466112507129528
1,459164491622328
1,45747387555028
1,467619784525488
1,473758330112036
1,43196591712168
1,43732477420207
1,448903017547982
1,396696394498164
1,449695210767554
1,435132074329736
1,406552069239785
1,431248096045177
1,419395561089938
1,420656949608453
1,410031276423216
1,390522328089959
1,413259103726308
1,408168200311572
1,322182958369694
1,313556631011732
1,26215099283454
1,31762715275835
1,342354940604524
1,303714498614857
1,320753639394342
1,302205532202804
1,35004604851606
1,379740051724707
1,357032094606653
1,342861283172959
1,3529101837158
1,383740433803789
1,369461395778595
1,361527655230714
1,4063181066186
1,379768286237878
1,470302288266694
1,484323051823134
1,488264832508064
1,464274840435154
1,4850220311688
1,503526312605217
1,470095233227105
1,492862957468366
1,528341594589512
1,535099083425566
1,534091373457166
1,525203537059296
1,532421590784292
1,571115501380518
1,571786208313634
1,52310603451587
1,533303578919089
1,574262602369873
1,566029876508386
1,565282467711726
1,499537876565138
1,476971807795378
1,516978514531296
1,522813886426821
1,48919582505851
1,464343362061527
1,4943917978609
1,488156221669545
1,4847535174389
1,484728982863092
1,348639516765002
1,367052223642971
1,365944228864831
1,328360452982683
1,307878438828917
1,300744260146116
1,334593738763972
1,311941502554266
1,310736007859628
1,334917839244562
1,310313701056499
1,37688281257088
1,365036175048582
1,319762574882275
1,367833324608819
1,339466818353753
1,312179113227002
1,322438770606866
1,322116439568137
1,303929435612954
1,3016826373724
1,381723684831812
1,352577797504963
1,33251268940562
1,406909261723462
1,3999354970559
1,407300873822918
1,378836713601854
1,378138712371434
1,398817892400226
1,400455661430121
1,385895174330204
1,39102972031101
1,462868729211519
1,452578601971729
1,44319160639711
1,449871654413837
1,479925361807048
1,441859474853772
1,419277705562688
1,462870639516247
1,396506304874655
1,391113940294355
1,393744725922652
1,390280748321461
1,392592480914249
1,401100809246362
1,428095872742342
1,403182666387737
1,424556998787466
1,431928272529793
1,350419214452998
1,362909649105203
1,418541660393639
1,343376765030036
1,327559294566158
1,327559456586451
1,358848721153308
1,290609010123354
1,277240636033955
1,29233145305113
1,284827320034595
1,277640422169644
1,285971250461883
1,254233349445612
1,273334582064944
1,325400102451984
1,277772469831042
1,286730024877947
1,295825087175015
1,289467916076452
1,32044277835783
1,293424588101617
1,307179863137065
1,322816885832353
1,315484437400534
1,310769236404634
1,263263737354711
1,297945149126001
1,310808947289978
1,283910859871972
1,303557808064869
1,309533989485302
1,25893975271093
1,281336767378471
1,335562721344811
1,28389656130918
1,277212536762327
1,389083804506292
1,365900528492335
1,339129712953628
1,384865945604803
1,380761019152431
1,390513171692364
1,425922106976754
1,412845054512817
1,355891345401994
1,398276059687884
1,453224740044244
1,415657575780402
1,397768721337866
1,443161884683587
1,451207242535473
1,416185065671273
1,398769855849508
1,409689399902745
1,422458227504907
1,420005420435976
1,405032310017084
1,413859289801268
1,421423031075766
1,401217275362162
1,418713494860047
1,430122730631946
1,406685685381132
1,395388898158807
1,433490354415633
1,446623431051898
1,413632043840283
1,410059507343919
1,42971552995005
1,413976495424152
1,417889850078398
1,379340158349957
1,373510197326996
1,389855671611147
1,391335962927429
1,364380550173139
1,341320778332224
1,379700551709112
1,336489297985734
1,2873710457194
1,316000748052521
1,2958300136866
1,324564489733065
1,336565281065762
1,303135773831525
1,315180108072866
1,292746231661962
1,324126437311577
1,352727130854539
1,344261697645491
1,326851085196166
1,342675024560446
1,340374065001554
1,322061961094712
1,317405834292102
1,315609432969537
1,323857616544731
1,3224954514339
1,327023623864734
1,310772294421652
1,370177343521811
1,40365128452014
1,26687360633752
1,257626909811154
1,27170171692675
1,27723030233735
1,246032356486429
1,245926069268082
1,29235346563971
1,275728471894798
1,318835750294393
1,327098896519637
1,299972254992786
1,299538042639687
1,287186807550906
1,286601559251383
1,319019207389012
1,265518906767705
1,264101924162066
1,279212583673019
1,272042617667917
1,294925886468302
1,293671401408354
1,274575771955816
1,288556341472416
1,285196936259702
1,314076436971482
1,287644014522967
1,275500703786647
1,346738601342113
1,231694978589526
1,190338361111429
1,384494924344034
1,366539732176343
1,354056210995578
1,362777532461252
1,366141807928507
1,341844896942053
1,398074309561642
1,425034200891216
1,327047770962958
1,372604718449671
1,436042268788855
1,387401515257884
1,423287713343679
1,422942649263128
1,433441016799664
1,508312176995741
1,469435573695659
1,485630681538074
1,488014972417826
1,44697740870723
1,472951536721071
1,484012890282786
1,468237039935601
1,454116891153942
1,41604103166644
1,473002746841924
1,465002914409765
1,395414488845672
1,443120737420538
1,483146539458474
1,42400216430464
1,395599071870669
1,488423773328409
1,505644881947547
1,381908518014843
1,405095741924524
1,35478852260686
1,363276609267429
1,38697925795803
1,360329047917447
1,326689926295516
1,348691228077119
1,324910862911518
1,324239548586699
1,315405081563428
1,238865717508514
1,266386597423982
1,262972184661865
1,293773048204127
1,291087280920298
1,265647438088912
1,202194408889674
1,184595689661239
1,226551706955921
1,213994217800478
1,234188926965652
1,219837571479436
1,21848428590975
1,22332052202015
1,216288990479095
1,246792760660631
1,250522886793678
1,164783509053147
1,162614063116164
1,244972081080127
1,247638041471455
1,301090801829578
1,226150342310953
1,229109210318442
1,282219842969825
1,248315590725899
1,251658268114242
1,255074613282102
1,264625508385905
1,294016509859702
1,284878158710117
1,278011449260436
1,318037029906175
1,297375878554714
1,310384666869569
1,345240823787098
1,418584069634852
1,417661317169896
1,406178594485037
1,417754253839161
1,419740625411382
1,434389475326345
1,435617662205946
1,395574151298425
1,430312694904397
1,436227436228881
1,431181428287518
1,425881752931031
1,438722275165334
1,466276774820106
1,492773659454041
1,442152919243888
1,499956606072562
1,523557597609773
1,453936702351287
1,465034726162527
1,51530805605691
1,513831942288639
1,47026344532767
1,478231252239752
1,499630982849643
1,475333352205858
1,444390693383374
1,440546043648613
1,431676453445607
1,422091900716837
1,41051591247403
1,436777168248175
1,423215072873954
1,421375123903518
1,389975559629054
1,396111615760325
1,393500042925508
1,426391255041103
1,398570073528213
1,367420917644637
1,406231067160736
1,423126071881841
1,370446381806309
1,373290915397186
1,372309519470019
1,383122343364187
1,38922935920702
1,339466357246232
1,38685445558667
1,412248431628733
1,349142464199768
1,388431465140081
1,401739644470128
1,360404914716064
1,350618255378457
1,388084334773215
1,366401059672134
1,335562241228916
1,372348157823642
1,388966854105
1,357887321285513
1,353691353610167
1,356252001626657
1,328191738795282
1,372250478489257
1,327419729113395
1,334202192597549
1,3479839838042
1,337398590491051
1,34463080347264
1,345077384693434
1,324783253719763
1,356759462269169
1,329489322496473
1,324578128824384
1,330395764232559
1,326788562198769
1,356017654520389
1,328616966796643
1,308170818781202
1,307859333762091
1,292427954484947
1,305623456742206
1,303358052212928
1,278445965979595
1,267577389990272
1,337263529045568
1,319764280268617
1,281508813788151
1,303841363774809
1,306639062616514
1,278414012346032
1,32312034494969
1,332668545010415
1,280406919312827
1,352602096069355
1,334300422370784
1,30839948322173
1,341868311056942
1,337465305751689
1,319378863603797
1,330584594606191
1,336583514559668
1,345974912517571
1,317837132497168
1,310498313438036
1,315642161619138
1,326014357090926
1,358168321909325
1,346343433339038
1,353528937555986
1,33368723859243
1,341523943952705
1,357751271104999
1,387176280789561
1,378270461495907
1,300947178311461
1,405441386099156
1,384260049409469
1,348498462419817
1,383844439826392
1,388248945886316
1,33717384005985
1,350464495938384
1,391412638765373
1,353271565817736
1,349329807944045
1,37518670186114
1,35264227393311
1,33399424530018
1,37814791989728
1,373756458066
1,358956733628095
1,376457909614924
1,379564844980236
1,371866001435361
1,353738463119988
1,3497878649951
1,322248922310843
1,327774904076774
1,36042489773352
1,358653052454033
1,326450662367054
1,375422764394713
1,390396676555394
1,367933998081033
1,381359664980474
1,33876496645042
1,432765333444006
1,391772939238989
1,36866625239386
1,477062156784925
1,48013886214975
1,437417540152965
1,445768367669672
1,459936001814048
1,40608568655921
1,395570688924546
1,396418873783543
1,424424773607996
1,393511888168212
1,398395797798415
1,400138245103638
1,393413560193882
1,403681988711488
1,410608787735726
1,400429523095265
1,404526933752165
1,414841729545006
1,398634096753914
1,37697850607148
1,403884360910161
1,397425496091271
1,36867515359391
1,396466455048224
1,41261408101062
1,426288719820359
1,401922342829733
1,366083509196826
1,415656182940091
1,419848301239446
1,318684438737268
1,306965686105861
1,425693427408179
1,410000633936545
1,352920437155838
1,437915245750792
1,449689962888929
1,417415365095747
1,427949298874913
1,43064495829222
1,506372815579485
1,520475743174922
1,522033817474234
1,528650823775948
1,537214024657607
1,520540096622055
1,528543755210465
1,544951801608199
1,494272788751747
1,521052588629041
1,55172824583947
1,676402173187694
1,661129122656386
1,627413888897562
1,632988260950065
1,600594516510825
1,64909197755758
1,621540756571769
1,572637829875606
1,61957582229199
1,640638857340667
1,61272426833023
1,573965415264448
1,569379660383528
1,630669184704791
1,604838346264502
1,585458744556227
1,599942302967336
1,587956606622246
1,613239893079054
1,509236707721089
1,538066106527666
1,521181810828283
1,507863179802354
1,504382627338124
1,500516907128264
1,49198707357702
1,498921316938522
1,544365601738629
1,518292119737624
1,484007986299193
1,404230944173906
1,368887219805624
1,408993093426241
1,420456398183068
1,392871710472667
1,385440896698694
1,404556115840005
1,424730235195996
1,401086159617661
1,33714055354371
1,415644882065684
1,417486030849424
1,386982980764535
1,367661923708492
1,358061716402891
1,418255093905774
1,425883092208214
1,404729134522471
1,374512909192272
1,408334300193718
1,367202657418878
1,379289897661102
1,376140128892823
1,376782243219438
1,388263952391181
1,372261273879625
1,447857038889481
1,455449799798362
1,421810292519823
1,431628745983876
1,42650916587331
1,464263658203862
1,427038618644708
1,424368451655614
1,449827097830734
1,419230398523567
1,444368463450639
1,415496068260583
1,393597840320655
1,463438811491397
1,415080324957299
1,370650805242227
1,410839672758359
1,412183714252981
1,411427553890609
1,35647777140274
1,328103248848903
1,29034120467403
1,280219293729821
1,273744760898955
1,223731618397128
1,216491695414641
1,286489508412706
1,238190815290549
1,213097838208956
1,285447284023371
1,162146531659933
1,143212526408694
1,175698565916846
1,163425579970684
1,170243133484393
1,137479103432064
1,141240577010934
1,117993407711171
1,128505201305038
1,148498743923611
1,071269551145118
1,106456259525005
1,135994637993826
1,126777887013841
1,157971610019927
1,183225738608705
1,162831978818449
1,162463261457119
1,158378601157234
1,155958958473488
1,184268908835285
1,29177442747575
1,315509988451149
1,284265023425159
1,352591987345944
1,355591314027768
1,316197131694761
1,381185055636523
1,384500713200173
1,33511575882181
1,342937792899286
1,361065324792057
1,349941425303908
1,344805970915173
1,366683787477194
1,376979378767987
1,331043060233044
1,37906750401553
1,4082030880413
1,373177902348415
1,385296307207714
1,386027433413748
1,388317528400415
1,375738996565098
1,366701794119786
1,374562144258956
1,393137801280173
1,372469780295795
1,385966194400709
1,37941414463633
1,405876279369404
1,37259651723823
1,337119328325264
1,383022952028559
1,380506557547598
1,366770340601156
1,349919965367366
1,360112196969511
1,374818372618474
1,37572143752477
1,336441217084866
1,38426300073495
1,399615676651294
1,366012152562973
1,357199983634448
1,364414319492276
1,393275998268819
1,359181950579944
1,357932005210882
1,370112165180574
1,353914411730188
1,378499193483649
1,385509708844687
1,393734673807417
1,385916596921592
1,382655755002916
1,346990776198275
1,377519016693777
1,377533103122684
1,359890330108395
1,356900315482015
1,347871096406159
1,392142085089685
1,383433490434986
1,37415537479903
1,302179361357594
1,293439743995724
1,301319538077383
1,309867162606987
1,309234339649971
1,330491409332832
1,29609668237358
1,282134032491328
1,331001735463695
1,329991692427221
1,305170644893227
1,323774757063629
1,333456752612443
1,271252445424697
1,299270745973498
1,393889303409667
1,349300355459725
1,33389408665204
1,329258131839336
1,333386126088703
1,330717311856162
1,338550598564805
1,336699828637839
1,319063327249057
1,347300270616271
1,349045755073506
1,338412421553704
1,31646766880211
1,347906904148153
1,35505086233695
1,43646508498361
1,463781000917965
1,421162694253913
1,416160642811518
1,430495218150316
1,452457131873885
1,44589323514356
1,467645471292722
1,471549188697888
1,438082386247218
1,460813415182348
1,475819674681511
1,459871663139414
1,502416659270538
1,483861643361183
1,38836805859467
1,420467398636763
1,45171570606792
1,447322575953606
1,452653409754422
1,44502652462738
1,448018115964248
1,428783664849481
1,46571651354945
1,462521806698089
1,418420155027373
1,457856260316962
1,4551016482792
1,404798790935043
1,404261138961349
1,279389083420759
1,244358585945004
1,257122226167122
1,307829119726266
1,271127007843124
1,251029929262834
1,266406977178566
1,223025763062044
1,194991370480243
1,314875870319642
1,30500934979216
1,257383027704159
1,300247994674408
1,304655038298754
1,341249639915648
1,349867471976684
1,338978544373542
1,310261143880947
1,313127664806733
1,336372628075479
1,32794292010808
1,316167450104621
1,351359853871641
1,332678874643662
1,318806826307294
1,347058833301157
1,339504251034322
1,269871428913399
1,373662470792313
1,439344759082158
1,49913198389332
1,515369663696267
1,528214478571456
1,481183881263856
1,49752629333229
1,495928895634225
1,501419907226607
1,532802590997812
1,526977491918673
1,440037053171194
1,444727020730632
1,46354273815673
1,442223491834596
1,437593897792316
1,422949160782969
1,43823354795666
1,427471313803877
1,4474133016304
1,446044729278346
1,38443500228701
1,404867952735664
1,427051562744859
1,409354839895812
1,429717250711817
1,380677748196638
1,419276919558899
1,438461420766114
1,522759991042115
1,424513496692633
1,351296895929074
1,397104091321003
1,372269999813368
1,377738282514784
1,38797447911548
1,388523245333202
1,378262412855091
1,355935187977734
1,366054934898121
1,391065285622144
1,394981049290726
1,378647698262274
1,388436410818673
1,369174346201344
1,39291552423014
1,393736963446777
1,342650713922887
1,377139524360734
1,390735875776753
1,339593399304294
1,402786540202698
1,384630114161353
1,362227330310674
1,356574980973454
1,357018197534965
1,39786864210241
1,386120186939229
1,34540240531366
1,339546176957147
1,322281891548994
1,333271960002685
1,343550216410933
1,357517507392397
1,33994135134064
1,341336504687562
1,337128636359555
1,359185688852039
1,371647857916703
1,314084561895504
1,318336341975817
1,328981872700796
1,339886579546946
1,357063754404844
1,33542890228348
1,326056754739191
1,356579829433364
1,359123281558721
1,339357150443108
1,332660858226171
1,370918134202187
1,327677865732937
1,355841417918794
1,364909904126636
1,35650704856258
1,341003772739659
1,34234789169026
1,368307861235734
1,344751880098595
1,346096004941824
1,348019832647963
1,332880464304348
1,367787410755321
1,376017870160306
1,39200961499438
1,390682148384807
1,398391662001104
1,399476881451738
1,377717699877265
1,418278686347314
1,417526563653907
1,421685568088065
1,412298706468999
1,376272411931023
1,515401342936481
1,513681043381794
1,499101802508408
1,566531484427819
1,539411942080519
1,542164020297976
1,582797989221416
1,600384925856954
1,614091901309526
1,618053439396639
1,683503475763261
1,75159383821444
1,712018363959864
1,602002991344768
1,805210534585884
1,901218499290761
2,144327279667742
2,161225158181831
2,096613506898353
2,024765567975193
1,936101047274661
1,989592837645883
2,016809565124284
2,013387663061043
2,018280322223338
2,094654799347162
2,099078003720909
2,120574962187139
2,275183979971239
2,229484628784518
2,059456135595659
1,965421165075298
1,805741394592631
1,840152197675679
2,057955061261964
2,077233830215367
1,919761371922596
1,88529194544734
1,92206009896838
1,964406278823743
1,659110331433145
1,68999841963832
1,852270590825035
1,869385461090229
1,804100654910961
1,725077578882969
1,769458137512974
1,685812916715192
1,625444076773357
1,716690093795987
1,750180150652059
1,753676739180791
1,745488218303903
1,729309783336668
1,729616715191101
1,735279910195859
1,734855677905285
1,665903284145238
1,466705096752687
1,52630085279626
1,713899265974728
1,730267437930896
1,712790816041814
1,733575670478482
1,68757509579471
1,668045303105135
1,74478267137475
1,717412881704514
1,666678066023565
1,71658703642047
1,848818832045784
1,792002208221607
1,729548450107485
1,797789347874102
1,842965951277006
1,819736900710347
1,799587020519911
1,853912132555208
1,859640591439087
1,806466165383517
1,826023409898809
1,919062151287174
1,932330069056984
1,923011338188412
1,925464830477596
1,856453592644359
1,868874765028986
1,843719092175258
1,930388912453747
1,866466571681726
1,640805534280909
1,623125566588014
1,68220392558098
1,674996810112624
1,631672043481314
1,62454980997483
1,634567858226136
1,664986778147003
1,638784472993561
1,563832695029536
1,588603922926086
1,628041042545059
1,627811378845632
1,57737659478017
1,590601129179092
1,641359732507857
1,603918851568042
1,610045551663898
1,665433111145881
1,667422096681602
1,629834162890217
1,5529652096521
1,625144324253747
1,655962457242952
1,619451977195947
1,660058147143334
1,638992145136361
1,672303826917226
1,723024212683656
1,694773728042934
1,71905822127513
1,667256892984646
1,675828319904472
1,736609203826867
1,729676773324856
1,712291764249288
1,715431697858583
1,735409938421448
1,761444154151708
1,753696624193788
1,737035368042376
1,715883949382104
1,718093817715104
1,759483346893637
1,726660210552648
1,728912386111111
1,776029638668773
1,758129647775636
1,691325279586557
1,663521302433234
1,715240750582699
1,700483785213378
1,623420865203205
1,637932537297247
1,603493836853789
1,616207396939316
1,666431369161425
1,562050789750287
1,492434887675596
1,58185672544323
1,596246707488865
1,594600138790686
1,504685080509938
1,57155570524694
1,722356265477962
1,749613196996885
1,737968820658884
1,724095830622632
1,705215178458206
1,740871275242705
1,789030607939457
1,782399617487834
1,784481237316887
1,81889625259612
1,821060675067845
1,757049580208511
1,724551520735464
1,85816786503861
1,92118741335593
1,91747193840559
1,919363894367764
1,919087156155729
1,91481702418427
1,936101015594622
2,034893280144479
2,010428232929783
1,997144547065616
2,015409896036373
2,108814589485585
2,12438363614489
1,904280649429137
2,004740145434425
2,12421467795099
2,070795020276941
2,061453885264009
2,061278563844661
2,083504954467435
2,081571812838391
2,108261631077199
2,141777331875355
2,153003324923516
2,135165081017068
2,157635102203751
2,097544795091207
2,11306845594654
2,080168226184735
2,098361435964494
2,046250680644909
1,94399693833618
1,970020789359964
1,984493082945148
1,994948084129085
1,923173862477206
1,963862016248661
2,028084215997554
1,972820275089758
1,973005896205919
2,017968558627036
1,926993108608864
1,852780883769751
2,047335282522612
2,056083703671094
1,947196689803962
1,921356855526663
1,768922121563284
1,813117763144949
1,970180254420664
1,967021865868738
1,924849447240628
1,977309501610548
2,028518636091444
2,116215702819022
2,244117489760627
2,23639699780613
2,222541305359565
2,336199327548091
2,334704539500305
2,252506131164052
2,407248723276373
2,454772168777292
2,398517300834137
2,403329596430865
2,420695549442345
2,336262408656219
2,214229996693434
2,291729766198075
2,302933963426592
2,34752477586298
2,355894398646917
2,463106376200145
2,451268002348254
2,479815535908799
2,479075456558314
2,413125036667068
2,497070830301716
2,471861818262435
2,326839617677516
2,268081276641598
2,310906366903837
2,223247003049446
2,05841229352375
1,969089213018483
1,843900416423312
1,927160219846038
1,842747495969552
1,790443262881906
1,832238519133548
1,875669942869363
1,779443304151613
1,724868583077366
1,826083631101758
1,82770680752918
1,896972814501042
1,864938611067415
1,799667139648168
1,805263132591463
1,660190094940517
1,577273329481062
1,650429699604252
1,631233622714962
1,5648620784106
1,573631213154527
1,770624598867644
1,847408548772332
1,802769542066084
1,707754055929844
1,678334977215428
1,781977302800676
1,751234772149437
1,53114884984349
1,584931777542483
1,509608237669404
1,378312960212121
1,42706352753615
1,468746693781477
1,422401966173566
1,355301909501124
1,358774959234886
1,393191319361625
1,388635430909082
1,21327875722782
1,285971295119516
1,380550434807128
1,347574586939158
1,34262056124978
1,337103059265127
1,333123447903574
1,257368171141765
1,29093645585921
1,494502294414377
1,529447862616823
1,485864658901133
1,345840129507614
1,34731784622961
1,355744189672047
1,322352825245467
1,349447673187343
1,356074025302228
1,349345681980835
1,448059170048918
1,464277400146043
1,514806791573236
1,498674709384236
1,436065060780999
1,437727768989891
1,523543444322644
1,568356545627684
1,502988268489509
1,546165382539142
1,61254979826157
1,687922135556909
1,654774490217902
1,540232248116557
1,576483008781701
1,592861615050128
1,586303232386552
1,588865142358033
1,649284718024251
1,617910506173374
1,393634750936723
1,368499440531443
1,50359203033805
1,534149336006498
1,495515186660283
1,513845050336101
1,57135488461617
1,564951544946413
1,58170972294518
1,576486476904903
1,522283561354858
1,610011443361486
1,630568025474848
1,568258329516131
1,604945618462296
1,751700461273314
1,743502150549367
1,68916048108509
1,781760015008862
1,733631551093971
1,609471869456158
1,647907146213007
1,746973542319047
1,774859755308355
1,700130776253435
1,708248649088795
1,762999232269316
1,732230700921146
1,648139085272913
1,734775739876505
1,884358989625392
1,894151474614993
1,852742581641202
1,75437965077311
1,834235424409957
1,861889309341454
1,875992954053572
1,913091527662541
1,887121390697332
1,859578931295929
1,917766155699512
1,885895082726458
1,828668718548895
1,891596951421231
1,934174515771946
1,872970437880208
1,789261541256737
1,862533029865729
1,872439380329773
1,802942052898921
1,885540599319452
1,90794289373493
1,787750422655005
1,77412922556125
1,831761556299551
1,814112945647759
1,788879463842581
1,82211351077408
1,929671891281609
1,926478247635376
1,770312254166226
1,78981475800676
1,805472116712228
1,866523647879684
1,829855309516311
1,788467572294656
1,783039430304086
1,627688188070797
1,75489472056591
1,960445955389472
1,908119851697459
1,820712956701548
1,873621780009347
1,841925789009229
1,79963788624796
1,860451367077048
1,929553246026817
1,85899624875438
1,859621730659916
1,960334802518832
1,911963725863099
2,21261043467834
2,339172041024792
2,233043176662597
2,222658936227006
2,263065103851771
2,291975972634984
2,300681522792037
2,283392688553253
2,185992262094536
2,243195297414747
2,227988685837262
2,220668758182827
2,305593435758486
2,2389750173486
2,280600966633565
2,334751009993064
2,406735098250532
2,225842724102374
2,10233659598974
2,113074937443873
2,303949565165538
2,300411840818185
2,421503592546653
2,363160545070745
2,26835110817409
2,233513103330927
2,033443804125939
2,045161855134735
2,021327054815073
1,878823055690096
1,479237823953635
1,447709813983862
1,549690856020369
1,67302339831002
1,672010780350309
1,555620556946921
1,567126460336958
1,187439402204819
1,28111783414558
1,346498427243011
1,223640416287205
1,198918239707718
1,347624358353008
1,414051075353634
1,385096749787633
1,252731694540068
1,2691948437247
1,319271430064231
1,32764523967429
1,333713011160079
1,324061745198609
1,419606172034605
1,457084173153119
1,44341204076777
1,428293233184035
1,432404655943163
1,554272937192533
1,532909251685944
1,505439631416551
1,53991133510947
1,51315002861752
1,516814564844691
1,555339530342983
1,492910362158925
1,529669550675625
1,609548057138312
1,590504352078453
1,971810352950052
1,903849046129011
1,846687880522329
2,052377087736678
2,062532486103197
1,924774357989735
1,811991207281088
1,850957404136385
1,871537221731963
1,843614492064597
1,835974071674709
1,845255049793729
1,866716649572305
1,848885931917683
1,804464345390026
1,769170053887416
1,815973393091142
1,800453693374948
1,741806628370007
1,687912762836811
1,619773519480838
1,659180452175516
1,668178160779257
1,710653592923483
1,681832903321462
1,625853012113172
1,621545440041303
1,533111937831714
1,546608815913591
1,600508206994046
1,458719033483632
1,392421388961359
1,485997570722407
1,567724989892967
1,534731002790286
1,566152801028295
1,576182721131275
1,5540365124288
1,533037055309668
1,559066615899495
1,554240513918503
1,563749533708076
1,610590373875048
1,649982369807158
1,626806940713728
1,587763100675018
1,547510223537897
1,524488327744489
1,560699124680725
1,618124876525962
1,640327161861478
1,487645987826441
1,521058489925267
1,574816925626973
1,568259884962665
1,608423658695359
1,576334972513046
1,611895213337136
1,623169134532928
1,586751688129096
1,63748227506411
1,718183183820018
1,666259123338943
1,607513716434068
1,646094723557761
1,59786721550936
1,611112978695882
1,653215476568891
1,642410024889586
1,619472026201214
1,631025733961625
1,603927716451322
1,581457951565833
1,574998332137431
1,405089587735511
1,421846841898679
1,47909439408194
1,488618737602232
1,526100439346569
1,450627979288062
1,428468568823579
1,615868065525741
1,591498544764417
1,374983102115608
1,331682568710139
1,274496795907407
1,315208429558959
1,27779048377281
1,281182532050824
1,300521549270145
1,297945915241952
1,261962941299389
1,250676373834459
1,243118297487873
1,220600190043708
1,260873938113664
1,316446384537819
1,206190852403066
1,214105590581343
1,233857675690078
1,233033365769892
1,222837405879153
1,2195189271649
1,25662268928964
1,397773768341536
1,410448952362215
1,363438411989425
1,340793215426831
1,294517304078214
1,323059909131958
1,395960800085246
1,335253913252669
1,326899576069385
1,54005106022235
1,541528212928188
1,660970361023348
1,776959382530005
1,709004693112358
1,726593158731678
1,752437722541357
1,775836502879844
1,78164119106609
1,759529841685302
1,759477647294834
1,864979328232802
1,857583670037603
1,828126276411003
1,918160550123508
1,935938731001731
1,948603341753228
1,939407419310004
2,007701914849477
1,939353475912434
1,96579546193367
2,011438850086607
1,897810869062334
1,892508188129122
1,960911452430356
1,994453359915449
1,992026453332847
1,976789773022331
1,85174475767783
1,900542949224108
1,962106952863797
1,795567258484866
1,723041965899875
1,62959600321945
1,699811602113777
1,653269171772333
1,615380564831115
1,610958533471699
1,598997980243189
1,62240170073643
1,612134471392012
1,569989225665364
1,554922533185938
1,530204044409189
1,579747865562842
1,583520603832546
1,562672268734494
1,550696673091334
1,546264980247568
1,650095495082445
1,668966028115492
1,61602277614908
1,679979111981019
1,658755130850445
1,569826498378507
1,664547303553192
1,608326968932127
1,380121006500758
1,488047844936125
1,452451173903284
1,370453091638789
1,623866857891054
1,588666335199888
1,672296051962812
1,968321802933603
1,965327168375056
1,955691758403016
1,972974692878227
1,968196021059886
1,895021564466718
1,913675590081392
1,939666328480747
1,948561767720973
1,98475229205622
2,04687810230431
2,025621878039157
2,071154619728368
2,169321165399912
2,18205472158823
2,187093345251386
2,246972965317665
2,367101243757231
2,321896488873501
2,369366726347405
2,33954871087748
2,248643627564683
2,272069525896557
2,564086470271948
2,551397562515588
2,412522243773794
2,421903785381163
2,382277185288094
2,369026090013671
2,123210462094317
1,961720325129305
2,012785701083144
1,905070759571714
2,017574863812014
2,093085484844376
2,113736862843461
2,027941111729851
2,003765411915568
1,863418716662609
1,732760330428472
1,696750477273617
1,70972994283968
1,728245028763688
1,690635825019769
1,694948642916701
1,661247015561084
1,491813747815878
1,479457956820047
1,515714381256103
1,519131427144823
1,53509041039079
1,534426696440072
1,5782915555547
1,558081380556054
1,557047545275907
1,572228737505832
1,57369851552501
1,565989350257481
1,594036935124786
1,668732829248352
1,605118990689755
1,619506293272759
1,669032092911532
1,496007109232648
1,458964066827735
1,527470894148382
1,437237821500031
1,468606793090103
1,681055762608376
1,805309140925074
1,756251684357951
1,751656639375538
1,736528828956886
1,72339568254573
1,716383354693763
1,694962372769387
1,726378571116576
1,686020117976783
1,713368299603198
1,737091400493932
1,727292794538327
1,727166456694662
1,667671925128136
1,667668201458982
1,654260020611205
1,659927902283582
1,645813117931234
1,664600822678952
1,728995185412905
1,73808277568743
1,729209433197294
1,673856530663265
1,757872397370746
1,868076599375855
1,792777303771576
1,709732296123614
1,838284891609
1,867710566328312
1,855044502714696
1,860208947888416
1,942353530203517
1,97891847187011
1,941626142871967
1,946891893117444
1,914327654763797
1,946310822968695
1,951500247107496
1,978814759827925
1,93481526453855
1,879564508321406
1,866404488316975
1,869012130683441
1,901903140453191
1,842488409071052
1,864793404987705
1,837915499090193
1,86114796595687
1,867105054168761
1,827028051242946
1,825324870777339
1,831039308073852
1,851366851893199
1,81419781765113
1,768600110271055
1,766650223104501
1,957372450641947
2,01435948370351
1,877989351900348
1,840630172805448
1,862621232904734
1,820610838485812
1,78995335669881
1,818098593330204
1,799263265399386
1,812916283982329
1,86301698999875
1,822531810368262
1,775733670844752
1,867683808250451
1,920415085718494
1,933653479362701
1,955913432873237
1,934029582770999
2,043227960599599
2,016599520414079
2,109223753560181
2,129423882608195
2,067247345366682
2,046268405868836
1,906009383139921
2,037449024817545
2,099289310320351
2,039081307973546
2,046922644551554
1,989296536279565
1,829195574854312
1,833126707002585
1,93082217313212
1,84902778997576
1,897823231467158
1,921597699607686
1,905518215913113
1,88896013341577
1,902996219300852
1,924587439025622
1,822261715634345
1,870836098858888
1,929044221242746
1,83932390671544
1,824915677706537
1,815226457081105
1,784882589943673
1,8247474037422
1,843054853236075
1,800863108707636
1,77517143177529
1,764151965560496
1,775012188227952
1,754138824411611
1,832757164514436
1,73985221272644
1,644570414351154
1,677353248831146
1,67076932100783
1,699815756843424
1,746967342778455
1,703624965447603
1,651592315015294
1,703364352814708
1,701445267273868
1,865807615859464
1,951462213153709
1,567801219617083
1,55710346693569
1,514293652591328
1,558176508359643
1,565034140191098
1,527299917951942
1,620694146051823
1,610479383252329
1,616095240427844
1,657501152255814
1,605466911994387
1,562425467904011
1,61915533901104
1,599592502534063
1,562200661269416
1,569895147094068
1,570689996082484
1,578629685031187
1,54640211562832
1,567789480894787
1,566941264626273
1,548228828459583
1,594337836876024
1,60591911970899
1,610003357321387
1,598462788964184
1,62108094664726
1,537896714270806
1,407595225739888
1,499926701967477
1,716134082608646
1,66115537668883
1,689946773935112
1,667996836543256
1,675988151380846
1,694831071753387
1,548641406050525
1,57614926581348
1,557862344437722
1,551036004747426
1,550284844133282
1,540016805452236
1,521010964714868
1,60198646849105
1,687151012787816
1,66666787695238
1,65063684292926
1,652996569542248
1,674015179166626
1,701251339837385
1,700428174823151
1,659220749471877
1,682817834377863
1,696263657853908
1,668243266307646
1,689782928985987
1,662911028800428
1,750497662077873
1,715694093878829
1,587730237172695
1,674526079525435
1,733687184678733
1,677481532400308
1,706971973069213
1,724691376251795
1,686933589474282
1,814649862679555
1,771911689066765
1,823934843656362
1,820301362702956
1,797010060853529
1,812118783302254
1,879586900391189
1,794582381615884
1,66868269413718
1,714343538483771
1,716762566368579
1,729036445087664
1,736751190045503
1,63713126571575
1,665201910420328
1,772388653762994
1,727382848834784
1,800310712150338
1,894239735897036
1,826487510921589
1,892993721183763
1,886888926578995
1,819625817718373
1,795678042617142
1,944429783768662
2,044686201325222
2,05048506317283
2,040258414556202
1,999298977829841
2,011435008275485
2,035296911608393
2,022330103661897
2,005182361370688
1,975269918821578
1,997965925384639
2,032657728258768
2,02771684911998
1,946697220221425
1,939811352190291
1,944929551268668
1,970821644298398
1,881990036165879
1,919201244352449
1,984122895161168
1,95384361662762
1,919340782500561
1,906760684237534
1,787450324162112
1,68320310443419
1,810020694962609
1,799227389761803
1,757040144795691
1,922377545599414
1,832144526793411
1,520302264323919
1,429835958736029
1,521984549007809
1,53890080125807
1,471658160693467
1,4206021551406
1,657726471923704
1,757478948837555
1,716448494449301
1,73986496976673
1,717422301632822
1,656136491315042
1,638077327002544
1,706774578049964
1,743437154848697
1,679951004070186
1,664599312391259
1,743816680016589
1,670608677957246
1,618793452536579
1,698199016493321
1,983453097560121
1,999539416456419
1,971386041056595
1,955726369220645
1,950800730154796
1,758328124923693
1,686883945772943
1,682995965511226
1,739183306002918
1,580658084706994
1,624830156015072
1,59678883834034
1,557992955317455
1,590529512079325
1,534300930749024
1,422756410222508
1,380129138201868
1,32130225778516
1,387957097141444
1,372012091948217
1,334820225900157
1,330384820318584
1,277978292530603
1,293236925986949
1,315818613985601
1,244394774437501
1,304594141238252
1,279421125238707
1,256052665819583
1,29992892453069
1,187190894443566
1,192832414599232
1,193500051972229
1,182587937554979
1,159017725388296
1,182701473677184
1,201164572766052
1,171586308495477
1,169574578304744
1,211169065143813
1,173037604751106
1,159390840175087
1,197622718712795
1,175760933016716
1,208659244773174
1,1902719122584
1,188750245422279
1,225483852245059
1,163219029483395
1,176371467727287
1,17726743648635
1,177786264559103
1,217372699332762
1,207276893747169
1,181788634232897
1,244850064724781
1,187551774134565
1,208032473033763
1,221251546150032
1,173053759003867
1,236350102739014
1,223304808158155
1,193293286384734
1,225482184708554
1,259394831841434
1,274197236870459
1,208102849157399
1,276577705233586
1,298492559707897
1,268146859459787
1,248225572216027
1,292621239920639
1,298351268593431
1,242476397440132
1,266262901002222
1,269257859719522
1,282338383466888
1,256247452647782
1,269421066804531
1,273367713651187
1,303628581698783
1,25899419171444
1,286475066372686
1,274665189415202
1,290400912008899
1,245421782478938
1,297006557334618
1,297606208791937
1,310365620993524
1,279838408652638
1,271183546358516
1,271345042173295
1,290522948001495
1,270987872030835
1,237145039052089
1,215053971030112
1,266798762062586
1,212052063956972
1,180503710224626
1,208735520995538
1,227413315316372
1,200664445041477
1,163437124438869
1,225900905711483
1,190827856715051
1,204438932883859
1,168241201959264
1,21572800557225
1,219493757530426
1,200946916938114
1,176638177244915
1,225077255989775
1,230176232604387
1,204511366338556
1,209980079994578
1,243480743113154
1,172669371572182
1,203673221213589
1,149720816101246
1,219522578910553
1,261622982159087
1,201813070658024
1,23937971997364
1,213420689845674
1,227181269329046
1,24812614583414
1,196579779458579
1,2559851169465
1,282563180808156
1,259764515961215
1,246289064905936
1,256839681266045
1,270478710827924
1,263206667886734
1,244937514407339
1,24924004072504
1,278655603046879
1,231932994235519
1,233137040784168
1,246926571929437
1,260606498632653
1,25190325937457
1,181777419360758
1,240054290028048
1,244122116031651
1,207320924942988
1,252442240848971
1,21550368900819
1,271304378361081
1,218826497018526
1,140160812010676
1,250195476348528
1,260798532138692
1,23558674599946
1,262065800486015
1,243588970512598
1,298964886260105
1,269669080703232
1,201739048557382
1,24421892611629
1,276523348533692
1,210237184725771
1,252521352452844
1,245232515650228
1,251658568200534
1,240193004002052
1,233670881112549
1,259460729042317
1,240010130365991
1,243269160637357
1,216733067656182
1,233472720184987
1,288687453728889
1,230656919609904
1,216454921022329
1,263068022976251
1,244884114720394
1,255250446973331
1,24191390669772
1,248494012782312
1,277849441945667
1,219733402674911
1,19785028266837
1,217843147580032
1,198118092487635
1,206340666337332
1,205679036919308
1,177497312803459
1,203976561994499
1,20722435884546
1,183618267394999
1,232822977298176
1,193373917368175
1,191699870898116
1,198980356887421
1,211890058117987
1,231039420510606
1,199876256157057
1,213993441519957
1,209503546013298
1,228381510582999
1,223608780716072
1,172921599994249
1,207016615503363
1,212872399686083
1,191937494304101
1,166714803072559
1,168043340741409
1,18847532532945
1,19675176531421
1,177151206502302
1,222141204022603
1,22702889651671
1,215943597434088
1,220691863107634
1,205488918796219
1,218854066047313
1,263944190070303
1,267120570544526
1,228631372204414
1,220215744935817
1,308899321603355
1,235403048126393
1,262348897657759
1,29431980887566
1,277471189169755
1,21657840519154
1,327438785024713
1,367821042148329
1,291044969481278
1,321811366108039
1,305550876624973
1,327158412774609
1,30346101952931
1,327191535679172
1,335467498152664
1,281159380030072
1,30621331131353
1,252789271428464
1,268743455034071
1,3308937166302
1,270380234512694
1,260204248377305
1,280750941002154
1,282207811203258
1,306312089214436
1,244461445792871
1,224030234682068
1,293158568846113
1,229307897004859
1,274246066145741
1,171527428511035
1,226787894716682
1,21901632747791
1,188311952369125
1,193362726113867
1,224804493113584
1,151988137430056
1,076170539210968
1,158565798592597
1,130532611951753
1,169429686497677
1,146068933787674
1,170756471910875
1,13510404918664
1,114962654362583
1,200470713758056
1,172591216213199
1,236138956090567
1,183147755355186
1,143231296150994
1,176061636275686
1,163694196918432
1,197885427437679
1,19421548178696
1,16537819851765
1,202706388414181
1,185076609076912
1,144664959298019
1,20338493295483
1,167202048412799
1,205225886326341
1,19255347607963
1,195338842590513
1,227410828333309
1,190347456927606
1,222307523587502
1,214067707713575
1,239484518896966
1,209454344797427
1,227839303231316
1,148285410665832
1,177590015893121
1,238524786771
1,207118913955114
1,228956970072874
1,200833443241115
1,290902134891421
1,276599293846791
1,325211008039244
1,353586279182555
1,325194683943755
1,333422142919033
1,29572082153682
1,296652704703132
1,334977870118611
1,321011607098853
1,337359324295248
1,355262245309155
1,324927464887513
1,356268439050742
1,336078342936529
1,381591686886495
1,317717545750392
1,35612882924081
1,40744956505064
1,368746516939811
1,366327262763798
1,346681172483332
1,382307553475515
1,373110211723533
1,391040476275577
1,38171677437042
1,327040790431551
1,371140602738517
1,347493062471095
1,397103457528989
1,309277393558629
1,29626276430916
1,299388359678786
1,250642223452479
1,284791219246806
1,27795667510966
1,297077356567336
1,305826415881781
1,251464791850938
1,256880179819074
1,340839377929068
1,263964975507971
1,296994331512826
1,277543228302998
1,265630626973105
1,265532537939463
1,298514106060955
1,219746019518198
1,232585550697436
1,219594775204016
1,234177807285546
1,259424165699902
1,243692217101153
1,193578635397251
1,273718556516769
1,330568983375125
1,28047060095604
1,266191339798716
1,297253400024547
1,242874060069568
1,240118415061076
1,274289375658823
1,225861070778052
1,235061959552264
1,247811861669977
1,228498723946686
1,231294477304759
1,238353041472218
1,264334251797082
1,230047416803334
1,18564446100861
1,276034797347552
1,202697851350772
1,254865886481843
1,245920651792078
1,209512175887236
1,216781264336123
1,2432016743693
1,233152702198343
1,24682006800377
1,257074234891237
1,223428090763875
1,227286821699007
1,275723547093566
1,191832303089943
1,157045889504245
1,19610802711378
1,201734523756445
1,169918951590839
1,189396547000843
1,190396790221576
1,154214791099958
1,211467855523339
1,199429235678111
1,18701826244435
1,202793871098156
1,223068736717357
1,172765650519936
1,189653136085799
1,238061374064486
1,153264808700942
1,155314174908509
1,209081600147706
1,13725135696304
1,182655470481919
1,183120041801165
1,200295301845181
1,201598576609648
1,153413189842676
1,200612870408848
1,152558620234102
1,153652160330653
1,205843658092847
1,156580808925309
1,188001277135423
1,17352184124957
1,173074444660705
1,154748603709713
1,187512376166672
1,17381271418181
1,173846630675791
1,19447675694166
1,133126773588931
1,148864366180164
1,182737675962406
1,114156033390307
1,117778982353457
1,234480518884606
1,102818901976137
1,207310645294303
1,2097253380177
1,15036509473453
1,179425057313234
1,165258224490251
1,154754999816051
1,194188120867914
1,13631501797703
1,162343189155172
1,190642841328975
1,143546612319402
1,1797954317786
1,218336033841346
1,181455160903888
1,208761788133088
1,206814759832002
1,196358540509578
1,200060057904213
1,214823648885272
1,212682253184236
1,152570975245608
1,180582530998672
1,233139397369766
1,186325171060122
1,242597425125371
1,202448181679925
1,274094522478261
1,234247982937047
1,194563836223533
1,283273884918224
1,179891494448585
1,187852410692791
1,237005366114969
1,218941071549136
1,236968964557777
1,255163589318234
1,241173537083649
1,277242230027742
1,232653255781874
1,233240119924513
1,257175887508815
1,252121934778181
1,241433896846441
1,20162001380459
1,227979176917089
1,212984185758455
1,214433494214522
1,22481717499444
1,205844326825379
1,205508255587185
1,263804880513849
1,252265905646344
1,18247043782048
1,238406029656733
1,176817111496952
1,222074641529527
1,214641159721998
1,21680563691774
1,191095533551968
1,206410100348245
1,213483779683841
1,227829703753138
1,18243437867044
1,225663896075996
1,191708270947519
1,17968223560556
1,190839396952502
1,189316262882348
1,183816499311439
1,19741450067801
1,179643444573517
1,179800344824319
1,165816147647689
1,186091472107165
1,167705303709184
1,182908414556026
1,192909020767219
1,170758026611354
1,173809141201309
1,206891770891372
1,169077083611949
1,163792698505912
1,218351286585625
1,200110120819039
1,196709160449365
1,156663078790021
1,162532858421892
1,174809456704152
1,169460136042465
1,158616690303172
1,159307190734114
1,145652072076338
1,198080083484956
1,142781564720872
1,177320862472738
1,163825786581427
1,157295593802945
1,156075418531265
1,156351273703122
1,173580008495683
1,164899689340157
1,162193505948508
1,161704512378934
1,123355013190196
1,251121645440324
1,263374440921205
1,254082634576514
1,284300513363962
1,275947779150349
1,247264900545797
1,295400876209315
1,257168438709587
1,256924958335344
1,262332527146077
1,239187800044068
1,272679065006307
1,237796685297854
1,246265959769942
1,257244004611457
1,244952499683906
1,236273668795437
1,259215334834163
1,217918881723525
1,236127991315908
1,236457792704889
1,233730840288016
1,239487768705862
1,240293061103981
1,224010017368437
1,233359831177761
1,245658078010301
1,242513099159687
1,221914091533136
1,279315665538872
1,14808613857336
1,106030111706884
1,146414223332228
1,12120852565782
1,131284859302768
1,119452185982819
1,129797772369894
1,161716825531018
1,12502608372
1,123803806016138
1,16987436645629
1,138135008825022
1,180259079386047
1,140726641386166
1,192139937383679
1,189128721611655
1,184704131366435
1,186909544081692
1,163474932714647
1,174080607526752
1,22374718799561
1,200920623941058
1,214558671385938
1,217085249395413
1,260112665825915
1,19546090748415
1,28748377448625
1,280448922155048
1,299651556944095
1,278445917791165
1,27428895231546
1,31412977268268
1,294817426827465
1,281655628395611
1,26812699242235
1,285028293634143
1,29885657300251
1,245395611853653
1,275043544908327
1,28589908841093
1,269050229086559
1,269964764533827
1,268390172310868
1,266236045552492
1,192049863950724
1,177280703292791
1,163232410535959
1,164257406201657
1,19043299486186
1,17066897215391
1,1317563487141
1,153205212297508
1,150588901851718
1,145485095980884
1,110498069261592
1,163640204298254
1,08627028918325
1,064202734438974
1,103284939293351
1,104898287885954
1,079002093988431
1,077050697978446
1,055128177356462
1,07833095757284
1,081749883640575
1,060417737239356
1,099362130770217
1,146966317237498
1,084739844195341
1,091831468003694
1,118911178916694
1,095619457543182
1,072100651053337
1,181413318535187
1,162451998128076
1,200019160670041
1,222164458754946
1,192977816465356
1,217205049939738
1,214254870828744
1,199852997717621
1,225449186851393
1,178054423408974
1,20806993032046
1,23573288054739
1,206840786587999
1,181158406716778
1,218559406724353
1,179105861841737
1,195057515245035
1,19237564338374
1,185097390358379
1,206674988107285
1,199297951574602
1,057800026703644
1,057284393530536
0,998021193295033
0,97246647390416
1,02652567358657
1,0154910213661
0,978946542978623
1,053221867547614
1,041456586835284
0,950047742467028
1,00567481964662
1,027213078244161
0,988645211767982
1,06287366862884
1,050312610396973
1,092542037939338
1,05223746434592
1,124412808223647
1,183019125438669
1,149157882427874
1,136672873728325
1,13035402527864
1,119687703025487
1,204252892762555
1,149084527588603
1,161731848758834
1,177278646450051
1,132951535994447
1,193464198950355
1,173116531245523
1,319193617197828
1,313580156435437
1,337632366760153
1,332995812565757
1,356216391407615
1,341649321854562
1,371189345468566
1,302274572200281
1,272160009501172
1,199277683170176
1,192203059290578
1,168342530569511
1,200354998162416
1,152697463420746
1,143954386013004
1,126031588582428
1,175168884151414
1,090074156422493
1,06567173553832
1,070650570707355
1,077298590077609
1,088400573892737
1,0944681902969
1,019387520386722
1,079937420850798
1,050968540744564
1,052775930709409
1,093996924982805
1,03672834386792
1,040355435707104
1,042483697568153
1,091773497029725
1,059056723293835
1,044066696200542
1,030801748343345
1,044584682092256
1,01018958319699
1,031446175623913
1,143148554176991
1,1929211932626
1,185588948260985
1,220385408439796
1,230114855006158
1,245683898519412
1,237418046770114
1,260971946372222
1,243159232295664
1,247224268390506
1,258195313722758
1,254996101205521
1,237568281196305
1,245103899837468
1,261389994421499
1,238220282142498
1,253280226773671
1,240338605767865
1,231011811250028
1,322094096415096
1,261878776143283
1,282309996789458
1,298342353477446
1,263747113968014
1,222987322368335
1,267058854136862
1,260717511247106
1,236831396254879
1,394762479992817
1,410570338628195
1,372197233660045
1,363150511834998
1,408454188510165
1,382251996609332
1,366836191071212
1,358385052890542
1,351500011612478
1,329135308633705
1,348454465666144
1,319523376131737
1,37473390051858
1,368711083387173
1,385799827801683
1,362704746384304
1,396511159197213
1,405741565045198
1,390083624976575
1,406542339872296
1,399303432309949
1,329419633521384
1,401447541842785
1,360732438035142
1,365404698540767
1,356486889631523
1,386507379716105
1,354045851106381
1,349857182051306
1,374174833106923
1,212543418956632
1,225187344997245
1,229555978077958
1,249600433764773
1,201441419568311
1,238987241022617
1,202990901790136
1,23749493290649
1,268006014356859
1,23158322262735
1,234468207141565
1,24891511978047
1,153506400370822
1,217897823297633
1,168370701495384
1,201056394080212
1,16400951506921
1,154798227365475
1,171705859669099
1,174654112305142
1,184437407893224
1,145531478017016
1,183662208702206
1,199973946025716
1,181640990785046
1,187600991331536
1,173883985798198
1,198360003676636
1,17418977690479
1,186159931164794
1,184036409498568
1,193117424092897
1,195718406022495
1,169692355090861
1,208399877241024
1,177821947330516
1,21274869224182
1,18154933850887
1,138459574127489
1,175409894472422
1,190167230907122
1,166235210594684
1,218601528321564
1,162398180565194
1,248534583968675
1,162542075764295
1,223065245078852
1,238374895168643
1,195584031909817
1,220422490054787
1,185621850390507
1,225556096694496
1,136663099319788
1,08619856082236
1,098440524684582
1,087944795572915
1,091430546963429
1,099397286058494
1,09063180727348
1,077825047867665
1,069363233012545
1,108468963533714
1,074414052404538
1,108589963875396
1,0682438034628
1,051290738190974
1,116396924325303
1,102121317262136
1,09636757362924
1,124263412014416
0,958273471221231
0,983588903608127
0,960473178303752
0,961601966841679
0,973294836209713
1,012622873418072
0,909898076924327
0,959743513726466
0,965775062762364
0,946635452140875
0,973400919809381
0,972511209823799
0,999798850278326
1,038451150523569
1,012381929575732
1,079670231050848
1,081139704219608
1,101313216491586
1,160134933930074
1,09886956678283
1,163242162995438
1,113268245813705
1,147255740194814
1,115352583440962
1,170386965627796
1,196538805582562
1,153970814018692
1,124302910557538
1,170172542310773
1,140212555865193
1,295423569708208
1,283605751931769
1,304362081373639
1,311723514281252
1,293004551853066
1,295157454882908
1,299510332968156
1,276018117024872
1,315719549407091
1,316243868785347
1,283451911191959
1,313300534151784
1,316711969546915
1,321721668851184
1,313410645986309
1,275718195400926
1,31434888997658
1,252832298879567
1,208674178786511
1,277774038226766
1,237373834190946
1,232927801870539
1,24488468750556
1,24798647674099
1,193993932467361
1,245850894873356
1,170521855248175
1,244395101489441
1,24314913130601
1,225101712567486
1,219142662137901
1,235823844479056
1,205863785812656
1,194480389799003
1,219850162488643
1,216604915607346
1,238150698462802
1,192290334991067
1,246505367236887
1,224133742658407
1,243168781030423
1,220284357877325
1,211440265199794
1,199115615606272
1,224618454975185
1,210723362870956
1,172065565198095
1,203799260581092
1,212906111968275
1,194681437920829
1,177362196037849
1,190222780427511
1,174277375762767
1,217772486759659
1,215119152179141
1,177370760053819
1,22549495483038
1,201303331607753
1,13831692765102
1,195647900389258
1,184985553028087
1,185194741233664
1,167046334519989
1,189893365842064
1,173865839571333
1,143912413495916
1,166999180594093
1,201271500455498
1,140408761848708
1,149544701273304
1,164546409214079
1,174739252173039
1,194594191173687
1,155633692510012
1,199462740948324
1,191232099738134
1,228537026271656
1,189273855990132
1,21030990199328
1,221525173669095
1,239862118285076
1,229981891679592
1,228032624132815
1,202901851569091
1,227276500785421
1,197352728005226
1,241875768223558
1,212824572103151
1,24620204730274
1,189240542136296
1,206085483197451
1,206582938268038
1,245001296283683
1,301037457760379
1,283354246343022
1,318970396531311
1,29052890570274
1,26038839274053
1,319800404709088
1,323356798554638
1,32076455493044
1,303404053045187
1,29280968970605
1,327563943996163
1,2830693790058
1,388223472122363
1,345682170924572
1,377929120582998
1,358647766886931
1,345762077373431
1,34854138343153
1,368576591570012
1,379934133412991
1,36193494962797
1,334901463052393
1,371092597035008
1,33931670358527
1,346570244552181
1,331669254109896
1,355798383911851
0,455513670086432
0,795243791786061
0,49033331608684
0,475798358516964
0,467090184148372
0,466889185951352
0,466833072356486
0,465888088567451
0,436993752114831
0,437799628389875
0,436694336274624
0,435125603574206
0,425102905891226
0,424448040209428
0,425126112100895
