    1.7652
    2.1674
    0.7690
   -0.1330
   -0.9086
   -1.7555
   -2.2680
   -2.1182
   -1.3159
   -0.1436
    1.0510
    1.8138
    1.9661
    1.7028
    1.1081
    0.1243
   -0.9283
   -1.4715
   -1.4061
   -1.1095
   -0.6927
    0.0598
    1.0435
    1.8249
    2.1859
    2.0795
    1.3809
   -0.1240
   -1.2587
   -1.5773
   -1.4416
   -1.3148
   -1.0369
   -0.2405
    1.0768
    2.3026
    2.6299
    2.0539
    1.3383
    0.7531
   -0.1645
   -1.2134
   -1.7057
   -1.4591
   -0.8190
    0.0906
    1.2116
    2.1042
    2.3212
    1.9332
    1.2911
    0.4824
   -0.6006
   -1.7181
   -2.2993
   -2.0759
   -1.2089
    0.1049
    1.5277
    2.3877
    2.3001
    1.6581
    0.9967
    0.3185
   -0.5400
   -1.3527
   -1.7493
   -1.6293
   -0.9752
    0.2535
    1.6683
    2.5368
    2.6331
    2.2910
    1.6013
    0.4416
   -0.8425
   -1.6449
   -1.8020
   -1.4840
   -0.7211
    0.6371
    1.8950
    2.6255
    2.7118
    2.3187
    1.5433
    0.3207
   -0.4828
   -0.9530
   -1.2617
   -1.3230
   -0.7424
    0.4010
    1.5168
    2.2503
    2.4444
    2.1011
    1.3978
    0.5111
   -0.4848
   -1.3037
   -1.4639
   -0.8473
    0.1330
    0.9941
    1.5663
    1.9453
    2.1790
    2.0462
    1.3034
    0.1255
   -0.9510
   -1.4989
   -1.4713
   -1.0647
   -0.3725
    0.6669
    1.8217
    2.4940
    2.4342
    1.9990
    1.5166
    1.0274
   -0.0888
   -0.6475
   -1.0073
   -1.0055
   -0.4184
    0.6684
    1.6080
    2.1127
    2.4328
    2.5322
    2.0752
    1.0953
   -0.0230
   -0.9151
   -1.2735
   -0.9946
   -0.3554
    0.4103
    1.4561
    2.7271
    3.4590
    2.9343
    1.4842
    0.1660
   -0.4576
   -0.7097
   -0.9592
   -0.9762
   -0.3656
    0.7808
    1.9090
    2.5234
    2.5770
    2.2609
    1.5540
    0.4207
   -0.6886
   -1.1683
   -1.0118
   -0.6881
   -0.3551
    0.3092
    1.4409
    2.5510
    2.9557
    2.4762
    1.5758
    0.8282
    0.2975
   -0.3464
   -1.0150
   -1.0337
   -0.1062
    1.1718
    2.1071
    2.5685
    2.6441
    2.3384
    1.7518
    1.0073
    0.1046
   -0.7672
   -1.1516
   -0.8329
   -0.0221
    0.9658
    1.8490
    2.3792
    2.5041
    2.3741
    2.0415
    1.2470
   -0.0773
   -1.1437
   -1.1504
   -0.4010
    3.8245
    2.9717
    2.4784
    1.7664
    2.3199
    3.5096
    4.1941
    3.5341
    2.0902
    1.4178
    2.2368
    3.3872
    3.7879
    3.4594
    2.6753
    2.0445
    2.2050
    3.1676
    3.9317
    3.5686
    2.4915
    1.9982
    2.6560
    3.7829
    4.3894
    4.0573
    3.1306
    2.4668
    2.7187
    3.6166
    4.1500
    3.5871
    2.3145
    1.5530
    2.0672
    3.3201
    4.0816
    3.6523
    2.4716
    1.7506
    2.2989
    3.5379
    4.0650
    3.3060
    2.1277
    1.7099
    2.3258
    3.3652
    4.0039
    3.7128
    2.6824
    1.8674
    2.1350
    3.2837
    4.2037
    4.0380
    2.2732
    1.6857
    2.0033
    2.8951
    3.4309
    3.2758
    2.6194
    2.1630
    2.4858
    3.3088
    3.8278
    3.5700
    2.7809
    2.2156
    2.4016
    3.0477
    3.4300
    3.1618
    2.4645
    1.9372
    1.9061
    3.6502
    4.1307
    3.2631
    2.3196
    1.8049
    2.2652
    3.3425
    4.0518
    3.5401
    2.2966
    1.6648
    2.2482
    3.3358
    3.7664
    3.1167
    2.0387
    1.5605
    2.1733
    3.6127
    4.3948
    3.7423
    2.3740
    1.7734
    2.4173
    3.4142
    3.5980
    2.6935
    1.6175
    1.5418
    2.5541
    3.6292
    3.8645
    3.2026
    2.2145
    1.6240
    2.2361
    3.5634
    4.3164
    3.8304
    1.7658
    1.8301
    2.4654
    3.4141
    3.6751
    3.0418
    1.9808
    1.3847
    1.9976
    3.0089
    3.4322
    2.9344
    2.2041
    2.0148
    2.4580
    3.1514
    3.5983
    3.2809
    2.2265
    1.4108
    1.7034
    2.6670
    3.1475
    2.6591
    1.7232
    1.2221
    1.6348
    2.6502
    3.3726
    3.0434
    1.8883
    1.1625
    1.8576
    3.5048
    3.8913
    3.1295
    1.9306
    1.5518
    2.3601
    3.5857
    4.0097
    3.2126
    2.0248
    1.6177
    2.2839
    4.1374
    4.2170
    2.9686
    1.4915
    1.3425
    2.3963
    3.3492
    3.3239
    2.6358
    2.1108
    2.1124
    2.4596
    2.9315
    3.3317
    3.2649
    2.5795
    1.9813
    2.3964
    3.6222
    4.3532
    3.7651
    2.4710
    1.6962
    2.0106
    2.9689
    3.5324
    2.9665
    1.7607
    1.2799
    2.0982
    3.2403
    3.4222
    2.5064
    1.5039
    1.4580
    2.3979
    3.0663
    3.2349
    3.3237
    3.7589
    4.0272
    3.5024
    2.3984
    1.4696
    1.1806
    1.5185
    2.2538
    3.0963
    3.8427
    4.4334
    4.6677
    4.1884
    3.1137
    2.1890
    1.8772
    1.8864
    1.9809
    2.4966
    3.5542
    4.5084
    4.7494
    4.4512
    4.0439
    3.4963
    2.6119
    1.6592
    1.2258
    1.5799
    2.4879
    3.4993
    4.1700
    4.2639
    3.9321
    3.4716
    2.9519
    2.3192
    1.6853
    1.3610
    1.7079
    2.7758
    3.9939
    4.6065
    4.4519
    3.9001
    3.1779
    2.2924
    1.4871
    1.2359
    1.7489
    2.7695
    3.8257
    4.4802
    4.5029
    4.0389
    3.4191
    2.7560
    2.0690
    1.6420
    1.7361
    2.1955
    2.7951
    3.5948
    4.5292
    5.0566
    4.6727
    3.5644
    2.4391
    1.7961
    1.6007
    1.6470
    1.9564
    2.6880
    3.8005
    4.8166
    4.9876
    4.0736
    2.8338
    2.2203
    2.1105
    1.9589
    1.7962
    2.1223
    3.0012
    3.8844
    4.2829
    4.2147
    3.8865
    3.3191
    2.5217
    1.7807
    1.5525
    2.0567
    3.0588
    4.1406
    4.9690
    5.1950
    4.6085
    3.5641
    2.6970
    2.1939
    1.8629
    1.7727
    2.2284
    3.1543
    4.0396
    4.5221
    4.5520
    4.0999
    3.2425
    2.3533
    1.8021
    1.7005
    2.0149
    2.6134
    3.2661
    3.7586
    4.3550
    4.5842
    4.3982
    3.7434
    2.7273
    1.6888
    1.0930
    1.2223
    2.0938
    3.4263
    4.5863
    4.9404
    4.3472
    3.2125
    2.2225
    1.8791
    2.0147
    2.1236
    2.2774
    2.9470
    3.9097
    4.3467
    4.0726
    3.7056
    3.5241
    3.0577
    2.1308
    1.4866
    1.7797
    2.6644
    3.3953
    4.0132
    4.5643
    4.6514
    3.9719
    2.9098
    2.0420
    1.5287
    1.3692
    1.7898
    2.8506
    3.9725
    4.4325
    4.1890
    3.7445
    3.3497
    2.8087
    2.0331
    1.4300
    1.5250
    2.2719
    3.0860
    3.6122
    3.9832
    4.2364
    4.0428
    3.2306
    2.1688
    1.3888
    1.1218
    1.3878
    2.0993
    2.8828
    3.3512
    3.6412
    4.0103
    4.0653
    3.3059
    2.1987
    1.6860
    1.8918
    2.2755
    2.7064
    3.4641
    4.4269
    4.9565
    4.5841
    3.5466
    2.5359
    1.9580
    1.6921
    1.5961
    1.7613
    2.0882
    2.1283
    1.6566
    1.0453
    0.7982
    0.9853
    1.3538
    1.7126
    1.9466
    1.9087
    1.6008
    1.2688
    1.0972
    1.0869
    0.9428
    1.1831
    1.6027
    1.8418
    1.8833
    1.9423
    1.8384
    1.4923
    1.2254
    1.2102
    1.2689
    1.3673
    1.5978
    1.8443
    1.9748
    1.9449
    1.5968
    1.0305
    0.8664
    1.4126
    1.9450
    2.0211
    1.9885
    2.0279
    1.7709
    1.1761
    0.8908
    0.9383
    1.1218
    1.3034
    1.5279
    1.7609
    1.8459
    1.6206
    1.1141
    0.6139
    0.4485
    0.7498
    1.3621
    1.8927
    2.0256
    1.8102
    1.4553
    1.0849
    0.8746
    0.9800
    1.2752
    1.5905
    1.9316
    2.1441
    1.8979
    1.2017
    0.4827
    0.1780
    0.4431
    1.0563
    1.5709
    1.7144
    1.5824
    1.4352
    1.3957
    1.3530
    1.2100
    1.1193
    1.2396
    1.4556
    1.6087
    1.7076
    1.7569
    1.7031
    1.5330
    1.2511
    0.9749
    0.9933
    1.3802
    1.7920
    1.9584
    1.9968
    2.0275
    1.9048
    1.5340
    1.1728
    1.2127
    1.6962
    2.1856
    2.2265
    1.8576
    1.4898
    1.3448
    1.2599
    1.1139
    1.1581
    1.6092
    2.1255
    2.1790
    1.7871
    1.4017
    1.2999
    1.3975
    1.3984
    1.1381
    0.9554
    1.2967
    1.8887
    1.9955
    1.5000
    1.0333
    1.0085
    1.1463
    1.1424
    1.2253
    1.6187
    1.9431
    1.7297
    1.1720
    0.8232
    0.8289
    0.9484
    1.0927
    1.3343
    1.5883
    1.7207
    1.7188
    1.5329
    1.1615
    0.8729
    0.8873
    1.0988
    1.3800
    1.7091
    1.9716
    2.0402
    1.8718
    1.4273
    0.8545
    0.5733
    0.8362
    1.4730
    2.1331
    2.5059
    2.3927
    1.9887
    1.4593
    0.9836
    0.8888
    1.2971
    1.8017
    2.0510
    2.1779
    2.2549
    2.0203
    1.4821
    1.1275
    1.2406
    1.5174
    1.6066
    1.6241
    1.7963
    1.9357
    1.7244
    1.2592
    0.9385
    1.0233
    1.4472
    1.9188
    2.2272
    2.3321
    2.1256
    1.5935
    1.1792
    1.2803
    1.5642
    1.5438
    1.4463
    1.6806
    1.9652
    1.8801
    1.6617
    1.6115
    1.4848
    1.1894
    1.2008
    1.7084
    2.2107
    2.3235
    2.2282
    2.1380
    1.9325
    1.3913
    0.4526
   -0.6594
   -1.5083
   -1.9114
   -2.1751
   -2.5150
   -2.6028
   -2.0915
   -1.1629
   -0.2655
    0.2649
    0.9811
    1.3481
    1.5856
    1.6074
    1.1800
    0.2959
   -0.6662
   -1.4732
   -2.1986
   -2.8049
   -3.0325
   -2.7149
   -1.9751
   -1.0997
   -0.2325
    0.7170
    0.8989
    1.7236
    2.1605
    2.0965
    1.3885
    0.3109
   -0.7749
   -1.5334
   -1.9370
   -2.2588
   -2.5092
   -2.4031
   -1.9906
   -1.5070
   -0.6976
    0.6712
    1.9570
    2.3815
    2.1195
    1.7946
    1.5301
    1.0408
    0.1373
   -1.0422
   -2.0779
   -2.6542
   -2.8114
   -2.6534
   -2.1616
   -1.3705
   -0.3593
    0.8012
    1.8446
    2.3615
    2.2629
    1.9215
    1.6432
    1.1637
    0.0650
   -1.3337
   -2.1674
   -2.2246
   -2.1151
   -2.1538
   -2.0141
   -1.4335
   -0.4376
    0.8495
    2.0430
    2.4366
    2.1309
    1.6265
    1.2600
    0.7446
   -0.2101
   -1.2547
   -1.8724
   -2.1681
   -2.4332
   -2.3706
   -1.6201
   -0.5000
    0.5513
    1.5583
    2.4319
    2.7093
    2.3705
    1.9859
    1.7498
    1.2674
    0.3647
   -0.6629
   -1.4778
   -1.9021
   -1.9388
   -1.7249
   -1.2830
   -0.5428
    0.3316
    1.0771
    1.7261
    2.3719
    2.7348
    2.4792
    1.7250
    0.8316
   -0.0193
   -0.7686
   -1.4011
   -1.9980
   -2.4759
   -2.4444
   -1.6941
   -0.5378
    0.5751
    1.4894
    2.2201
    2.6234
    2.5238
    2.1227
    1.7667
    1.3174
    0.4200
   -0.7314
   -1.6021
   -2.0042
   -2.0142
   -1.6724
   -1.1414
   -0.6260
   -0.0120
    0.9044
    1.9908
    2.9287
    3.4157
    3.2038
    2.4216
    1.5810
    0.8852
    0.0382
   -1.0079
   -1.7443
   -1.8438
   -1.6005
   -1.3441
   -0.6023
    0.7086
    1.8828
    2.3938
    2.6152
    2.9645
    3.1509
    2.6694
    1.5419
    0.3345
   -0.4577
   -0.9511
   -1.5217
   -1.9633
   -1.6941
   -0.8155
    0.0038
    0.5830
    1.4579
    2.6485
    3.1805
    3.3225
    3.0986
    2.5879
    1.8717
    1.0212
   -0.0467
   -1.1808
   -1.8532
   -1.7493
   -1.1729
   -0.6166
   -0.1392
    0.6323
    1.9550
    2.3283
    3.2458
    3.6054
    3.4897
    2.9333
    2.2072
    1.1627
   -0.2181
   -1.0502
   -0.4281