1024                                                                     
                                                                     
                                                                     
                                             
   -0.1103
   -0.0238
    0.5031
   -0.2536
   -0.3016
    0.3271
   -0.0109
    0.1253
   -0.2172
   -0.1481
    0.0330
   -0.0894
    0.3101
    0.1095
   -0.0913
   -0.1347
   -0.0778
    0.1418
    0.1200
    0.1607
   -0.2280
   -0.0751
    0.2266
   -0.2971
    0.0917
   -0.2050
    0.1689
   -0.0646
    0.3538
   -0.0392
    0.1337
   -0.2251
   -0.0801
    0.0699
   -0.5117
    0.0042
   -0.1453
   -0.0894
    0.0401
    0.3704
   -0.2401
   -0.0657
   -0.1130
   -0.0907
    0.0659
    0.1538
    0.0165
   -0.2001
   -0.1478
    0.1600
   -0.0223
    0.0697
    0.1924
    0.1397
   -0.3046
    0.1698
   -0.1043
    0.1180
   -0.1236
    0.0651
   -0.2579
    0.3087
   -0.2938
   -0.2947
   -0.2111
   -0.0098
    0.1733
   -0.0003
    0.0527
   -0.1963
   -0.0706
    0.1002
    0.4506
   -0.1155
   -0.3176
   -0.2284
    0.0995
    0.2105
    0.2628
    0.2222
    0.0614
    0.2452
    0.1444
    0.0793
    0.1936
   -0.1895
   -0.1579
    0.0051
   -0.0873
   -0.1425
    0.2291
   -0.0816
    0.1463
   -0.3500
    0.1691
   -0.1143
   -0.4521
   -0.1236
   -0.0534
    0.2065
    0.0824
   -0.1059
    4.0373
    3.9491
    3.9861
    4.1663
    4.1384
    3.6888
    4.2556
    4.1997
    3.9788
    3.8208
    3.9579
    4.0420
    3.7025
    3.9178
    4.0011
    4.1230
    4.1925
    4.2434
    4.3495
    3.8255
    3.7904
    4.2676
    3.7043
    3.8359
    4.2137
    3.6823
    4.1501
    4.2140
    3.7782
    4.1675
    3.6465
   -1.1315
   -1.0053
   -1.0601
   -0.9304
   -0.9684
   -0.8266
   -1.2355
   -1.0988
   -0.7169
   -0.9081
   -0.9489
   -1.0023
   -0.7103
   -0.5806
   -1.2475
   -0.9514
   -0.7482
   -0.9141
   -1.5358
   -1.1545
    1.9083
    1.9492
    2.2538
    2.4073
    2.0957
    2.1855
    2.2476
    1.8975
    1.8623
    2.0280
    2.1080
    1.7617
    2.1570
    1.9574
    1.8809
    2.2052
    2.0224
    1.9334
    1.9350
    1.9302
    2.2008
    1.6448
    1.9044
    1.6106
    2.1934
    1.7191
    1.8344
    1.8024
    2.2097
    1.9871
    1.9525
    1.8818
    2.1678
    1.7197
    1.8670
    2.1205
    1.6741
    2.0031
    1.9048
    2.3491
    2.2270
    2.0029
    2.0684
    1.9482
    2.6309
    1.9610
    1.5971
    1.8817
    1.9091
    1.6811
    2.0561
    2.2783
    1.8968
    1.7408
    1.8528
    2.0657
    1.9743
    1.6084
    2.1124
    2.1166
    1.6382
    2.0330
    2.1511
    2.1131
    1.9157
    2.1820
    1.7373
    1.6053
    2.2020
    2.0218
    2.1365
    1.8212
    2.3227
    1.8820
    2.1328
    1.7748
    1.8007
    1.8186
    1.9437
    2.0897
    2.2036
    2.1998
   -1.8800
   -1.8824
   -2.0516
   -2.1196
   -2.0161
   -1.8924
   -2.1190
   -1.6656
   -1.6848
   -1.8439
   -1.8959
   -2.1745
   -2.4876
   -2.1615
   -2.2716
   -1.8460
   -1.6743
   -1.9415
   -2.0823
   -2.2019
    0.3904
    3.1401
    2.9941
    3.3760
    2.8266
    2.4609
    3.0286
    2.7945
    3.1056
    3.0299
    3.3050
    2.6326
    3.0908
    3.1389
    2.7397
    3.2122
    3.4437
    3.0399
    3.2081
    3.0385
    2.6965
    3.1143
    2.8978
    2.9323
    3.0969
    3.1577
    2.6688
    3.3252
    3.1387
    2.9522
    3.1929
    2.8072
    3.0108
    3.1755
    2.9278
    2.9505
    2.8239
    3.0575
    2.9415
    2.9613
    3.3431
    3.1007
    2.8870
    3.0951
    2.6135
    2.6377
    2.8757
    2.8003
    2.9095
    3.1696
    3.0663
    2.6330
    2.9332
    3.3711
    2.8476
    2.4420
    2.5617
    2.7523
    3.1386
    2.8742
    3.0464
    2.9616
    2.9061
    3.2942
    2.7069
    2.7272
    2.9368
    3.1843
    3.2279
    2.5950
    3.1120
    2.8355
    2.9400
    2.6075
    2.9204
    2.8215
    2.8443
    3.2887
    3.2306
    3.1060
    2.7561
    2.7516
    3.0581
    2.6071
    2.9804
    2.8460
    3.0733
    2.7578
    2.9627
    2.6403
    3.0133
    2.9526
    2.6505
    2.9597
    3.0196
    2.8198
    3.1611
    2.8615
    2.6224
    2.9235
    2.8036
    2.8555
    2.6938
    3.1622
    2.7234
    2.9721
    2.9405
    3.1055
    2.8017
    3.0790
    3.1799
    2.9508
    2.9124
    3.0884
    2.9769
    3.3762
    3.0251
    2.5858
    3.1376
    3.1333
    2.7823
    2.8678
    3.1609
    2.8014
    2.8838
    3.0436
    2.7655
    3.0460
    2.9882
    3.3481
    3.0864
    2.8748
    3.1754
    2.8998
    3.2102
    2.6900
    3.2079
    3.0821
    3.1208
    2.9155
    3.1474
    2.9843
    3.0629
    2.8669
    3.1500
    2.9848
    3.1565
    3.1450
    2.8076
    2.7429
    2.7956
    2.8125
    2.7817
    2.8315
   -1.2148
   -1.3481
   -1.0080
   -1.1356
   -0.9730
   -1.1118
   -1.0715
   -1.0861
   -1.3934
   -1.3417
   -1.2175
   -1.2344
   -1.0330
   -1.2589
   -1.4121
   -1.1310
   -1.1478
   -0.7027
   -0.9216
   -1.0823
   -0.9857
   -1.2494
   -1.5506
   -0.9763
   -1.1744
   -0.8806
   -0.9986
   -1.0305
   -1.2690
   -1.0241
   -1.2789
   -1.1458
   -1.2129
   -1.1350
   -0.7310
   -1.2288
   -1.2802
   -0.9369
   -1.3347
   -1.2070
   -1.4468
    0.9641
    1.0030
    1.0139
    0.8992
    1.0224
    0.8020
    0.5546
    0.7885
    1.0604
    1.2008
    1.0839
    0.7886
    0.9697
    0.6823
    1.0201
    0.9826
    0.5951
    0.8378
    1.2274
    0.4995
    0.7688
    0.5856
    0.6898
    0.5692
    0.9739
    0.7128
    0.9197
    1.0261
    0.8357
    1.0255
    0.8577
    0.8424
    0.9684
    1.0959
    0.8315
    1.2294
    0.6512
    0.4751
    0.9451
    0.4358
    0.3205
    0.8676
    0.9229
    0.8162
    0.8279
    0.9909
    0.8045
    0.9237
    0.8162
    0.8031
    1.2504
    1.2762
    0.9361
    1.0593
    1.1509
    0.5829
    0.4159
    1.1371
    0.9090
    0.6116
    1.0381
    1.0463
    1.2783
    0.8566
    0.8582
    0.6722
    0.3829
    0.7581
    1.1276
    0.6838
    0.9464
    0.6035
    1.1899
    1.1557
    0.7276
    0.6887
    1.0933
    1.1129
    1.0826
    0.9053
    0.9625
    0.9936
    0.8140
    1.2910
    0.7132
    0.7523
    0.9059
    0.9163
    0.6833
    0.6444
    0.7532
    0.8262
    0.8953
    0.6400
    0.7586
    0.8050
    0.6867
    1.0989
    1.0030
    0.8301
    1.2171
    1.1318
    0.8723
    1.1054
    0.8561
    0.8047
    0.7300
    1.1673
    1.2091
    1.1146
    0.8725
    1.1699
    0.8790
    0.9422
    0.8934
    0.8127
    0.9558
    0.9518
    0.6968
    0.9305
    1.4282
    0.9993
    1.1933
    0.9578
    0.8231
    0.8587
    0.6157
    0.7446
    1.0670
    1.0142
    0.8648
    1.4544
    1.2519
    0.8945
    0.8722
    1.0340
    0.7936
    1.1173
    0.9480
    0.9992
    0.6614
    0.9310
    0.9659
    0.6271
    0.6577
    0.6767
    1.0465
    1.0433
    0.5428
    0.9246
    0.5753
    0.9042
    0.9797
    0.5062
    1.1659
    0.8864
    0.6589
    1.3871
    1.2834
    0.9768
    0.8607
    1.0991
    1.0771
    0.4152
    0.7170
    0.6113
    0.7960
    1.1214
    0.5996
    0.8112
    1.0347
    0.2985
    1.1974
    0.4803
    0.8768
    0.8525
    0.9274
    1.0368
    0.5893
    1.1456
    0.8930
    0.9353
    0.6622
    0.8901
    0.9693
    0.9215
    0.9949
    0.6549
    0.4491
    0.8813
    0.6767
    0.8778
    0.9724
    0.6107
    0.5418
    0.7070
    0.7253
    0.8549
    0.8430
    1.1034
    0.8703
    1.0474
    0.8466
    0.6382
    1.0412
    0.7529
    0.5827
    0.9953
    1.0191
    0.9915
    0.7503
    0.9040
    0.7424
    0.9227
    0.8087
    5.3373
    5.1605
    5.1035
    5.2403
    4.9420
    5.1562
    4.9649
    5.0933
    5.4165
    5.2463
    5.1108
    5.2782
    5.2577
    5.1187
    4.9476
    5.5589
    5.2100
    5.5293
    5.1906
    5.4472
    5.3189
    5.1985
    4.8799
    5.0523
    5.1299
    5.3965
    5.3824
    5.2549
    5.1847
    5.3029
    5.0912
    5.4057
    5.0555
    4.9047
    5.1744
    4.9011
    5.2621
    5.4507
    4.9195
    4.8633
    5.1511
    5.1830
    5.4330
    5.2640
    5.2854
    5.0446
    5.1967
    5.4120
    5.3395
    5.1478
    5.1360
    5.6805
    5.2762
    5.0755
    5.1134
    5.2337
    5.4727
    5.1445
    5.2324
    5.5397
    5.4158
    5.1054
    5.0145
    5.4480
    5.1949
    5.1775
    4.9252
    4.6691
    5.0238
    5.4839
    5.1012
    5.0291
    5.1294
    5.3401
    5.0447
    4.7225
    5.0548
    5.4226
    5.4668
    5.4311
    5.2935
    5.2359
    4.9867
    5.3421
    5.0469
    5.2947
    4.9262
    5.1762
    5.4512
    5.1382
    5.2814
    5.1865
    5.1158
    5.2510
    5.0995
    5.3144
    5.0599
    5.0389
    5.1138
    5.3951
    5.2975
    5.3825
    5.6345
    5.1281
    5.0904
    5.3708
    5.1633
    5.3181
    5.3474
    5.3655
    5.1752
    5.5910
    5.1722
    1.7987
    1.9739
    2.2581
    2.3804
    2.0287
    2.4456
    2.1284
    1.9943
    2.3042
    2.0299
    1.8579
    1.5191
    2.2477
    2.2086
    1.9026
    1.8602
    1.6546
    1.9327
    1.9847
    2.2829
    4.1680
    4.6186
    4.0656
    3.9771
    4.1484
    4.2364
    4.2327
    4.2334
    4.2860
    4.3157
    4.1337
    3.9851
    4.2189
    4.4282
    4.6333
    4.1712
    3.9277
    3.8770
    4.0588
    3.9413
    4.1328
    3.9266
    4.2842
    4.5264
    4.4415
    4.2297
    4.2765
    4.1536
    3.9775
    3.9477
    4.0645
    0.0467
   -0.3474
   -0.0778
    0.0387
    0.0820
    0.1228
    0.4293
   -0.1167
    0.1111
   -0.3223
    0.1877
   -0.1027
    0.1542
    0.5504
   -0.1658
   -0.0677
    0.3524
    0.2856
    0.0880
   -0.0836
   -0.1574
   -0.2034
   -0.1644
    0.0561
    0.0572
    0.3329
    0.0097
    0.1061
   -0.1385
    0.0323
   -0.2487
    0.1442
   -0.2950
    0.0251
    0.2064
    0.0786
    0.1185
   -0.0969
   -0.5385
   -0.0964
    0.0791
   -0.3077
   -0.1639
    0.3300
   -0.0219
    0.0143
   -0.3009
   -0.0094
    0.1899
   -0.3534
   -0.0793
   -0.0628
    0.0766
    0.2694
    0.3428
    0.1044
    0.3094
   -0.1229
   -0.0511
   -0.2258
    0.4473
   -0.3734
    0.0932
   -0.0765
    0.0899
   -0.3163
   -0.3572
    0.0607
    0.3942
    0.0971
    0.1267
   -0.1459
    0.0667
   -0.1239
   -0.1359
   -0.1811
   -0.0696
    0.1722
    0.4458
    0.0550
   -0.0317
   -0.2839
    0.1613
    0.1185
   -0.1754
    0.1700
    0.2658
   -0.0988
   -0.0045
    0.2991
   -0.0531
    0.1136
   -0.0799
   -0.0004
   -0.4061
   -0.2078
   -0.0101
   -0.1470
   -0.3791
    0.1219
   -0.0959
    0.1502
   -0.1961
   -0.4475
    0.3022
   -0.0819
   -0.0124
   -0.1344
   -0.0730
    0.2747
    0.2193
   -0.1432
    0.0948
   -0.0782
   -0.0554
   -0.0971
   -0.1034
    0.3486
   -0.0318
    0.1537
    0.0412
    0.1276
    0.0204
   -0.0789
   -0.0207
    0.4219
    0.0332
   -0.1293
   -0.0623
    0.3545
   -0.2393
   -0.0304
   -0.1569
   -0.3213
    0.1309
    0.1255
    0.1518
    0.1664
   -0.0975
    0.0691
   -0.2895
   -0.4328
   -0.0345
    0.2988
   -0.2909
   -0.0960
    0.3289
    0.4252
    0.3060
    0.1353
   -0.0860
    0.1221
   -0.1194
    0.2226
    0.0410
   -0.1853
    0.0222
    0.1786
    0.3181
   -0.2847
   -0.1501
    0.0668
    0.1609
    0.0547
   -0.0746
    0.7313
   -0.3487
    0.3451
   -0.0315
   -0.2464
   -0.0802
    0.2153
    0.1771
   -0.3886
    0.1627
    0.0856
    0.2105
    0.3369
   -0.4884
    0.2584
   -0.1438
   -0.1509
   -0.1758
    0.0436
   -0.0703
    0.0737
   -0.1559
    0.3351
    0.0344
   -0.2249
    0.0417
   -0.0232
    0.2156
   -0.1366
    0.1852
